episode,eta,kl_fit,interference_l1,q_rmse
64,0.5,0.000981812568610504,0.08092591014847292,6.061247
128,0.5,0.0010023985255497453,0.12864361163987292,5.113759
192,0.5,0.0003407866873506767,0.09836945009597561,4.8982906
256,0.5,0.00047554393165261935,0.08113241784720339,4.9006844
320,0.5,0.00046051821407181993,0.12210981968376372,4.81712
384,0.5,0.0006814921766817861,0.09941158220837158,5.187247
448,0.5,0.0004964719229887816,0.08806724111239116,4.881462
512,0.5,0.00029670383896623437,0.08060174720060878,4.9116883
576,0.5,0.000297786985439333,0.08797149058129336,5.284126
640,0.5,0.00026458378063029493,0.0704702169651569,5.4539056
704,0.5,0.00018866538220439663,0.06275976953998512,5.266426
768,0.5,0.0001949794898056808,0.07337590780672293,5.2229905
832,0.5,0.0001563906324528424,0.0732015290732185,5.17907
896,0.5,0.000138505340354251,0.07167889650509514,5.0688167
960,0.5,0.0005600517956606512,0.06438711001281414,5.0117707
1024,0.5,0.0002029759935491408,0.05659359027555064,4.9305773
1088,0.5,0.0002980482411756482,0.07135374812468033,5.101541
1152,0.5,0.00013253211509436368,0.0554006432372066,4.9781795
1216,0.5,0.00019109748962733462,0.056873736705590615,4.966129
1280,0.5,0.00015582279728175395,0.06098185058305065,4.962218
1344,0.5,0.0002608949199314408,0.057596459326876175,4.9493947
1408,0.5,0.0003855458532031491,0.044780694727793065,4.8705106
1472,0.5,0.00017138029332009722,0.06123116254577947,4.8786077
1536,0.5,0.00013789250225449022,0.05657470502280388,4.878529
1600,0.5,0.00017185028330211273,0.06609311513882957,4.8687377
1664,0.5,0.00029927025552488107,0.0616852344582056,4.8459206
1728,0.5,0.00018987872606195542,0.04800296259891974,4.83768
1792,0.5,0.00017676129021404856,0.07224091076056895,4.8933578
1856,0.5,0.00026606318667920554,0.0577768890277588,4.872877
1920,0.5,0.00017260229600344221,0.05190367818622815,4.8308992
1984,0.5,0.00019591796495100984,0.06365662581277733,4.8800163
2048,0.5,0.0003781457232637169,0.05461619289498129,4.895327
2112,0.5,0.00019562354719937503,0.06301670213646762,4.9434037
2176,0.5,0.00031550418778256004,0.06662647451108603,4.9297276
2240,0.5,0.0002995302573359315,0.058710534585745884,4.9006486
2304,0.5,0.00028645051755190183,0.05754782422708367,4.913949
2368,0.5,0.0001873407644239521,0.04276250142434805,4.8941035
2432,0.5,0.0008823021363335048,0.0949623862076144,4.947631
2496,0.5,0.0002954132735916872,0.05496662991360168,4.9562855
2560,0.5,0.00019010459377189666,0.05713184069920891,4.9863443
2624,0.5,0.00028111662633619584,0.054800257173244674,4.954327
2688,0.5,0.000300450857236813,0.06345192359430865,4.8883195
2752,0.5,0.00014788311510588367,0.06187749833002733,4.9403844
2816,0.5,0.0002589271448869113,0.05434853890851252,4.9240575
2880,0.5,0.00016396701592371856,0.047581454960783906,4.9284015
2944,0.5,0.00021055276239556926,0.036822289293288804,4.9085045
3008,0.5,0.00028933479028070565,0.04790572194577749,4.9362645
3072,0.5,0.00020846077029545995,0.05010842121759685,4.971814
3136,0.5,0.0002552203026513982,0.08363243283725262,4.9273634
3200,0.5,0.00025744866054750116,0.05326540595161493,4.872657
3264,0.5,0.0004521937811432508,0.059138671101564184,4.83026
3328,0.5,0.0001754614674857955,0.05548033775265665,4.7971168
3392,0.5,0.00017006279055920004,0.04501872783599481,4.812581
3456,0.5,0.00031599795636819334,0.061366229582317786,4.7752886
3520,0.5,0.0003225968012238677,0.05926120357620464,5.0013113
3584,0.5,0.00030363812606992724,0.050894292383087875,4.9113646
3648,0.5,0.00041191364567794153,0.05513597934369484,4.873165
3712,0.5,0.00021832016199234622,0.04694826280942654,4.825698
3776,0.5,0.00053615921921543,0.06495454003836446,4.8767414
3840,0.5,0.0005953755946111542,0.0639127030659639,4.847594
3904,0.5,0.0003532495237387983,0.054600161137854014,4.834028
3968,0.5,0.0003293563764970031,0.060846346608010596,4.8355536
4032,0.5,0.00017614416500446312,0.04812892720984463,4.836022
4096,0.5,0.00027855090355147054,0.05853941411658277,4.8624444
4160,0.5,0.0005832352994409927,0.07060202210637802,4.7691717
4224,0.5,0.00027639070795906014,0.06619581121552212,4.855948
4288,0.5,0.000287989800934855,0.06385568275857527,4.8977284
4352,0.5,0.00020555853987761193,0.05326521440721646,4.8789606
4416,0.5,0.0003926924231769001,0.0599757616029677,4.852104
4480,0.5,0.0001886427120157872,0.05641595655541272,4.8254557
4544,0.5,0.0009379820696469526,0.06535190209386967,4.755725
4608,0.5,0.0002615085501494595,0.05002318418770741,4.763549
4672,0.5,0.0006396634415658489,0.05562026747675488,4.7465386
4736,0.5,0.00030581830080073384,0.050576299163238664,4.7649226
4800,0.5,0.00018667663661129635,0.072445358994816,4.773882
4864,0.5,0.0002701164436495254,0.04776867408985904,4.774215
4928,0.5,0.0002883668556409846,0.06910199380813643,4.748165
4992,0.5,0.000218452922614444,0.045726174689344305,4.730089
5056,0.5,0.00018034275815421785,0.047335331558102337,4.741676
5120,0.5,0.00034902444369638234,0.0544707554132839,4.708114
5184,0.5,0.0004260042033525384,0.04701665545951846,4.744845
5248,0.5,0.0005447770987024746,0.06126986995166219,4.718425
5312,0.5,0.00021591436744896337,0.05464698560063935,4.699496
5376,0.5,0.0004866884271558818,0.058809199810783766,4.7605834
5440,0.5,0.00022082569798717363,0.05064533840416497,4.753447
5504,0.5,0.00030326302527328153,0.06039978280692791,4.778342
5568,0.5,0.0007257965342632067,0.0650475598472757,4.771602
5632,0.5,0.00018801443198366332,0.05341960745861613,4.811893
5696,0.5,0.00022446220191690933,0.0575207606284779,4.7832775
5760,0.5,0.0004121490805678499,0.06154503366490689,4.7625403
5824,0.5,0.0002788173207591171,0.0458754648649892,4.7386155
5888,0.5,0.0004971388537342136,0.05161058845392483,4.7591043
5952,0.5,0.0003270747893077611,0.051242257212018506,4.758406
6016,0.5,0.0003314524544220161,0.043226238887329856,4.758542
6080,0.5,0.00022250449413263595,0.04931175888212432,4.754254
6144,0.5,0.00036350683025199003,0.06406348092156816,4.7619243
6208,0.5,0.00021669028274118318,0.07359996241828078,4.767976
6272,0.5,0.0006807895127201823,0.059459611764248,4.7759624
6336,0.5,0.00046630831201602393,0.06477178822663282,4.7270594
6400,0.5,0.0002920839185698862,0.06820027488450756,4.6999125
6464,0.5,0.00026695489171953656,0.06565266083841516,4.717827
6528,0.5,0.000295390072477784,0.07482220428816456,4.6835313
6592,0.5,0.00029300536298763636,0.0804412645250686,4.6685405
6656,0.5,0.000721553050992214,0.06065480758652027,4.613479
6720,0.5,0.00023489610136623795,0.0541137494924567,4.624296
6784,0.5,0.0002809159355770995,0.056611497992137536,4.608277
6848,0.5,0.00021910311771004368,0.06574855671933345,4.571073
6912,0.5,0.0006641867282857728,0.0661448427948926,4.5169907
6976,0.5,0.00016232875629517869,0.06756458355655764,4.496261
7040,0.5,0.0004564786339299791,0.04524725967476942,4.4725595
7104,0.5,0.0003239717574055808,0.08246073757777493,4.488161
7168,0.5,0.000364971357963181,0.0786880914405495,4.5383906
7232,0.5,0.00021803671690057464,0.059252706511394596,4.5856886
7296,0.5,0.00019091702252491973,0.05644690485831267,4.643079
7360,0.5,0.00024455713923384175,0.057194543801177423,4.607724
7424,0.5,0.0003580807892352536,0.07285134808045098,4.6273074
7488,0.5,0.00028585047597115884,0.07442596091555229,4.5509057
7552,0.5,0.0003390776403513985,0.057955424592062946,4.5379014
7616,0.5,0.00032195589655862955,0.05469281793792894,4.5427523
7680,0.5,0.0001926590360447087,0.041351844821508645,4.527872
7744,0.5,0.00015262655001620153,0.045025582184785994,4.505696
7808,0.5,0.00021992441224938375,0.0379033450917779,4.507025
7872,0.5,0.00029627107664030155,0.05130449850078173,4.530201
7936,0.5,0.0002195088487256084,0.06080140795136579,4.550457
8000,0.5,0.0002561630671906304,0.038911898176764076,4.5571194
8064,0.5,0.0003145488870138573,0.04674806021399007,4.5451984
8128,0.5,0.00027161625953260485,0.07494623580666039,4.518294
8192,0.5,0.0002493986729040072,0.04516580278700968,4.5475183
8256,0.5,0.00018647461496424153,0.04562774841916222,4.553397
8320,0.5,0.00019881496166729653,0.04445999724244377,4.5710144
8384,0.5,0.0005308338405117879,0.06198138243159902,4.596479
8448,0.5,0.00013378364365053131,0.04310785490948718,4.6022706
8512,0.5,0.0003789888669951538,0.052429274743785344,4.605228
8576,0.5,0.00014287973258873417,0.05728811502626942,4.580243
8640,0.5,0.0002859750052266463,0.055548554368791817,4.6084766
8704,0.5,0.00033776137318032134,0.05939735312141292,4.5871315
8768,0.5,0.00021396264355644234,0.053736499625772795,4.572244
8832,0.5,0.000243501261929455,0.059649010856205824,4.5936656
8896,0.5,0.00030453937075368165,0.06831626834242016,4.553415
8960,0.5,0.00021053334554120998,0.06875959935389409,4.573544
9024,0.5,0.0002386630595992756,0.05649209450136065,4.536063
9088,0.5,0.00044629169931267236,0.05355737213311543,4.5244756
9152,0.5,0.00025242526272839836,0.05379684385083855,4.5400186
9216,0.5,0.00021056888005067964,0.0550370969193399,4.4955626
9280,0.5,0.0002798600804400875,0.05985969677459505,4.4556394
9344,0.5,0.000562861696273424,0.06934950553068947,4.456862
9408,0.5,0.0003448116751964595,0.05493373252383366,4.4384165
9472,0.5,0.00027070974846148083,0.08306123567318127,4.421364
9536,0.5,0.0002611492487841937,0.059563920215608974,4.514347
9600,0.5,0.00027967916607102874,0.05511764984947034,4.485861
9664,0.5,0.0002636513437370441,0.06130234278503353,4.423557
9728,0.5,0.00022834163246443495,0.05944825416705307,4.3824806
9792,0.5,0.00034370392157662924,0.05610239078107034,4.3966994
9856,0.5,0.0003500219159911427,0.05597068408100662,4.387995
9920,0.5,0.00021377800868215084,0.06331908955289692,4.439309
9984,0.5,0.0006727257202438716,0.05310526372921084,4.4517097
10048,0.5,0.000311291177262856,0.051587185210834156,4.44355
10112,0.5,0.0002978168904519407,0.04597388335008092,4.4460564
10176,0.5,0.0004197963625691565,0.061868101588866305,4.502068
10240,0.5,0.00024459533270666204,0.07599867583070168,4.556003
10304,0.5,0.000491718143756451,0.060740459384284476,4.573962
10368,0.5,0.0001477211754097389,0.05382578316936916,4.5591993
10432,0.5,0.00020651819379833926,0.06748892175538156,4.526824
10496,0.5,0.0002617079085822881,0.05447963027126211,4.567178
10560,0.5,0.0002802303596769297,0.07242225530969638,4.5540185
10624,0.5,0.0003128248466913339,0.06017471735094869,4.550784
10688,0.5,0.00015889900523557182,0.054311483093878864,4.57048
10752,0.5,0.0004040779746747818,0.0594466096995578,4.574683
10816,0.5,0.0003762122196039027,0.087309177125413,4.6636233
10880,0.5,0.0002968935249598525,0.05153597787666917,4.6474047
10944,0.5,0.00024532430188628496,0.0551940853978538,4.5989013
11008,0.5,0.00028478567376638125,0.048529987108866204,4.5996904
11072,0.5,0.000343534710143117,0.06802808368751546,4.618341
11136,0.5,0.0006221899474771889,0.050303373067056074,4.589083
11200,0.5,0.0002970722527042481,0.044341754187080765,4.5987654
11264,0.5,0.0004755707688775761,0.05929352894758024,4.6151733
11328,0.5,0.00024138831658594644,0.04705296767502141,4.621435
11392,0.5,0.0003334637229773511,0.051293560436807974,4.6305704
11456,0.5,0.0002092865241372761,0.05462204745087654,4.6054454
11520,0.5,0.00023024477360656282,0.062252824193874824,4.6312485
11584,0.5,0.00024870098797971597,0.054272014032797786,4.6205797
11648,0.5,0.00042174625488052806,0.05944375794724119,4.6309066
11712,0.5,0.00021186175222283056,0.05403815860706654,4.6645365
11776,0.5,0.0006185162614176627,0.05268429069882015,4.629707
11840,0.5,0.00048623372755460687,0.062448633893219044,4.6115165
11904,0.5,0.00023085993491874364,0.047502834363949496,4.6546683
11968,0.5,0.00021200814941429208,0.05165517791103161,4.6507816
12032,0.5,0.00044920751111021673,0.05120734697294438,4.6565595
12096,0.5,0.0005788147690857583,0.04706795995428361,4.658432
12160,0.5,0.00032222663492859,0.04910685850363174,4.7299957
12224,0.5,0.00046185903641565566,0.04840628923834756,4.6359143
12288,0.5,0.00023857834411711128,0.047726157109239144,4.6307797
12352,0.5,0.0004698217457458463,0.058233159906911185,4.7387867
12416,0.5,0.000712437612261662,0.05126023245512515,4.6719594
12480,0.5,0.00044781338394602534,0.04788474763950761,4.706414
12544,0.5,0.00031942814599240205,0.05024248224561906,4.709245
12608,0.5,0.0009396882350358737,0.04484952979341105,4.7119713
12672,0.5,0.00022779457615597134,0.043030347503962785,4.728312
12736,0.5,0.0007318848783501326,0.053846829345062144,4.727583
12800,0.5,0.00012325272615671014,0.04525477843112271,4.739207
12864,0.5,0.00041558874107338033,0.057110805619322906,4.7584257
12928,0.5,0.0003138789914759998,0.04964473689547683,4.745167
12992,0.5,0.0005911574911114654,0.06272743933945606,4.7171507
13056,0.5,0.00023659955660414492,0.04212268782432341,4.735223
13120,0.5,0.0003238654952484568,0.057902068892009016,4.7370257
13184,0.5,0.00018401182950021714,0.053218352552903525,4.7103486
13248,0.5,0.00027267008562771415,0.05547350516909467,4.6902804
13312,0.5,0.00033965532629149346,0.04519762968068355,4.6643915
13376,0.5,0.0009526359302993258,0.06461585493981739,4.6571455
13440,0.5,0.00026780077121657086,0.055023560749614606,4.644554
13504,0.5,0.00035351926935990065,0.041187060999707335,4.646678
13568,0.5,0.000190393478189472,0.04360068214926795,4.612865
13632,0.5,0.0004196203067740909,0.05958924002653408,4.6000824
13696,0.5,0.0004438815405702564,0.05269034621299168,4.5948606
13760,0.5,0.00032740063212122195,0.04887019028519798,4.5704875
13824,0.5,0.0002750294119126314,0.07743219929640784,4.5521283
13888,0.5,0.00030982056947929476,0.05623571726313834,4.5888867
13952,0.5,0.00039475535127104654,0.05103427514767286,4.585631
14016,0.5,0.0003220330959319649,0.043864804645002996,4.604657
14080,0.5,0.0002855246551640838,0.05138579628188056,4.6207266
14144,0.5,0.00046991882495953736,0.06175376414598004,4.6447444
14208,0.5,0.00017354107875281193,0.0646987641830679,4.698845
14272,0.5,0.00017234011563653154,0.04365695424329472,4.7013764
14336,0.5,0.0003425125820967878,0.04070969856190076,4.6983223
14400,0.5,0.0004982241403823001,0.04916911700701623,4.6785645
14464,0.5,0.00024175690722425796,0.0609017501931455,4.6688256
14528,0.5,0.0008287978736786629,0.056020441055406656,4.6648655
14592,0.5,0.00034030677350311813,0.06338746902689901,4.661987
14656,0.5,0.0004323284457429291,0.054455125931697546,4.6585083
14720,0.5,0.0003555873496225104,0.06252679512967206,4.6579714
14784,0.5,0.0003801073397982547,0.0817897957657514,4.613296
14848,0.5,0.0003161755301160355,0.06471051322632987,4.6526704
14912,0.5,0.0005961190144971089,0.08082414312396974,4.712162
14976,0.5,0.0003875382087069458,0.05308332067000473,4.7427864
15040,0.5,0.00028702510806333237,0.04979817631270781,4.7688622
15104,0.5,0.0003022985169925538,0.04499171574394852,4.783363
15168,0.5,0.0005766531216767572,0.06714847494689445,4.7779355
15232,0.5,0.00031692051076485467,0.06090348900512694,4.7582803
15296,0.5,0.00025451408128058085,0.05317853122576159,4.711624
15360,0.5,0.00045873302545206733,0.10114086582967007,4.666422
15424,0.5,0.0005153098917424248,0.04735859061897704,4.688473
15488,0.5,0.0004172231254388875,0.053057427422884273,4.717605
15552,0.5,0.0004847741486714984,0.053029935457193964,4.7325997
15616,0.5,0.00044052406663082144,0.06600013257878812,4.7197075
15680,0.5,0.00029280279436668077,0.0618991900366051,4.7403307
15744,0.5,0.000687438069462587,0.05134840351439972,4.7433124
15808,0.5,0.00043135550520280566,0.04138470555733314,4.741225
15872,0.5,0.0006061349228896778,0.057049639819985634,4.72248
15936,0.5,0.0004709772155608031,0.06915979622118558,4.6708198
16000,0.5,0.0005490791576797675,0.058254671599739634,4.8397756
16064,0.5,0.00022917563020160634,0.04742165587810054,3.048579
16128,0.5,0.0004805658930811325,0.04805853368948449,3.5425274
16192,0.5,0.0003130253065819488,0.04890094703176391,2.8506732
16256,0.5,0.0001530785337880363,0.032730575399021425,2.8693714
16320,0.5,0.00025344949511373386,0.05322225735660542,2.8281028
16384,0.5,0.00019803563396931855,0.042012140507259564,2.6726575
16448,0.5,0.00033093351847431524,0.04596939753003392,2.5441017
16512,0.5,0.00023608375931212652,0.05336244870356607,2.3251145
16576,0.5,0.0003475572127081873,0.030310357842532793,2.5248582
16640,0.5,0.0002252532244021881,0.04111379889167159,2.2496974
16704,0.5,0.00038070593862040835,0.03890416979090316,2.28496
16768,0.5,0.00023912466926139374,0.04626879586484682,2.2807534
16832,0.5,0.00014710692940949426,0.03349450273887529,2.41723
16896,0.5,0.0003303162273356166,0.03449300485599725,2.2630243
16960,0.5,0.0001820853559526286,0.03193177022521922,2.1126626
17024,0.5,0.00016113553073814223,0.03670962436306716,2.0620944
17088,0.5,0.00015038735076749226,0.03954499193931693,2.4108334
17152,0.5,0.00039126379846966797,0.03252669042672625,2.1453192
17216,0.5,0.00014120653308614587,0.039707815319057455,2.1608636
17280,0.5,0.00013398006671994377,0.031163732469866735,2.2011762
17344,0.5,0.00027188221121745995,0.03842900338395116,2.1512282
17408,0.5,0.00019604026288172884,0.03668895659263884,2.0770364
17472,0.5,0.00012812509608820994,0.033809201067971265,2.029868
17536,0.5,0.00011248528373987544,0.041085065029751476,2.0966563
17600,0.5,0.0002366788370551376,0.031923395041684004,1.9959966
17664,0.5,9.071076403250282e-05,0.03145926537959682,1.9026055
17728,0.5,9.888046861306066e-05,0.02329100761310159,2.177927
17792,0.5,0.00017817514321273443,0.029413336801045235,2.1985006
17856,0.5,8.586073214810056e-05,0.020119942721895576,2.0857794
17920,0.5,0.00026435415707912614,0.039946564885101225,1.9629467
17984,0.5,9.757555360995131e-05,0.029723139644194582,1.9539863
18048,0.5,0.0001221683825860964,0.02760626639807995,2.0028353
18112,0.5,9.605637900245819e-05,0.02521149523616051,1.9138857
18176,0.5,0.0001103746989505914,0.025456121188028123,2.1605673
18240,0.5,0.00012668656350937313,0.02270637416070064,2.23488
18304,0.5,0.00010047753777236697,0.026260770665344282,2.1882057
18368,0.5,0.0001783882884858201,0.027053676712298684,2.099607
18432,0.5,0.00021209734014023112,0.02560629562995115,2.1181214
18496,0.5,0.0002327353372493235,0.03463366032530844,2.2576263
18560,0.5,0.0001221350881771678,0.027788610823912912,2.266488
18624,0.5,0.0001802103566046458,0.030491203516578535,2.3616457
18688,0.5,0.00014869115896893389,0.036678888371354565,2.3554585
18752,0.5,0.00023350185931148175,0.028103082138119698,2.288293
18816,0.5,0.0002083631882432861,0.025101305059362415,2.6695342
18880,0.5,0.0001082900510203819,0.02786383397518952,2.5727088
18944,0.5,7.781988027921255e-05,0.021751409844882833,2.7621074
19008,0.5,0.00016671249758964653,0.031332446775720016,2.62311
19072,0.5,0.00017196118230660632,0.026484291246730057,2.4159853
19136,0.5,0.00014554526915296317,0.02537829752872563,2.3305476
19200,0.5,0.00017005340628570962,0.03424453347917909,2.3765938
19264,0.5,0.00016106413633159327,0.041450638706873766,2.4895194
19328,0.5,0.00012087839871648092,0.025099836150282002,2.485096
19392,0.5,0.00022363539262134477,0.026484187543929304,2.540169
19456,0.5,0.0001465726965031016,0.03229216760857568,2.5607748
19520,0.5,0.00016632534439850133,0.025154015633052466,2.39415
19584,0.5,0.00013735936776981816,0.02721961703314181,2.4979546
19648,0.5,0.00013402404923860893,0.02536129376568665,2.3012
19712,0.5,0.0001647308079434558,0.01897258130100361,2.42187
19776,0.5,9.042544766089123e-05,0.027052138557145416,2.4620275
19840,0.5,0.0001244043874994732,0.022430492019406178,2.5307887
19904,0.5,0.0001841399887894113,0.021680984114511193,2.482142
19968,0.5,8.229675393366913e-05,0.02287159423720117,2.4078546
20032,0.5,0.00028869896957312696,0.03428676069309689,2.301118
20096,0.5,9.492692004801643e-05,0.020752152065258392,2.4097414
20160,0.5,9.981481514896314e-05,0.024379477477525113,2.4011412
20224,0.5,0.00031299219606708564,0.02191958847974062,2.3852553
20288,0.5,0.00022000800736701889,0.031965459307689625,2.4280937
20352,0.5,0.00023006018893611505,0.03472136940183109,2.5013173
20416,0.5,9.447237854730511e-05,0.022392813644912097,2.567199
20480,0.5,0.00019702575113771873,0.03295752706082912,2.7396257
20544,0.5,0.00020503634721405562,0.022901210165709687,2.3996692
20608,0.5,0.0001383528620499419,0.03159545984875793,2.640987
20672,0.5,0.00019560388558038797,0.026722363520253284,2.6713285
20736,0.5,7.25769411224743e-05,0.02496505240671058,2.4575508
20800,0.5,0.00018204959121901596,0.03129044353268903,2.4312725
20864,0.5,0.00020925095579826802,0.025038242341197676,2.4878628
20928,0.5,0.0002560985572808536,0.029365332262856862,2.3956041
20992,0.5,0.00013279778986394436,0.019272238971263247,2.387652
21056,0.5,0.0002242820541924336,0.031046178428743295,2.4363909
21120,0.5,0.00013498072543657378,0.023372922431572362,2.516914
21184,0.5,0.00021975284810845812,0.034013247060078015,2.3537085
21248,0.5,0.00010589802769334442,0.019264563949016746,2.397443
21312,0.5,0.0004097927441966262,0.028205056833805676,2.388603
21376,0.5,0.00020820428878665916,0.018159837742747098,2.394293
21440,0.5,0.0003616201507270489,0.025377597412524183,2.31971
21504,0.5,0.0001281479634304988,0.022399198918235573,2.2705395
21568,0.5,9.265684585025647e-05,0.02053013556453352,2.2878401
21632,0.5,0.000141331724267256,0.030172707345263915,2.2018936
21696,0.5,0.00014893946100455778,0.02863802437883578,2.2847383
21760,0.5,0.00011443492171796264,0.021830506697663676,2.213597
21824,0.5,0.0001085501455496082,0.021429805761506444,2.4358675
21888,0.5,0.00027686787585220633,0.02064354649232653,2.3681164
21952,0.5,0.0001538803828438948,0.024570491679915384,2.4626508
22016,0.5,0.00027152985357285314,0.029759612999960702,2.4259748
22080,0.5,0.00013716593480981118,0.02650967207878872,2.4233158
22144,0.5,0.00024160084449374142,0.02665130351496595,2.432046
22208,0.5,0.00010992450964598295,0.018217831074537918,2.4084
22272,0.5,8.177839344411682e-05,0.027570389859884224,2.3908412
22336,0.5,0.00018569972018641994,0.02020826750853814,2.4078546
22400,0.5,0.0001522246819409442,0.026124782069310733,2.4016616
22464,0.5,0.00016640603322836493,0.02389550507397169,2.260356
22528,0.5,0.000225116700522436,0.025797089759050453,2.2340972
22592,0.5,8.980538994846403e-05,0.02256530448847281,2.2298572
22656,0.5,7.881389399409417e-05,0.017076147405432868,2.1974466
22720,0.5,0.000151681801777267,0.03620365016677046,2.186811
22784,0.5,0.00014806671496329034,0.028395343177603935,2.2381473
22848,0.5,0.0001714647785965058,0.026832046232388107,2.1781898
22912,0.5,0.00016099195382709479,0.020769550752433016,2.3030663
22976,0.5,0.00013100913965899963,0.018093469883970852,2.1787086
23040,0.5,0.00017343109443204043,0.027881051530234333,2.160074
23104,0.5,0.0001306239321081648,0.028708682570883833,2.135205
23168,0.5,0.0003438699687244985,0.03295948511080732,2.1017432
23232,0.5,0.00017535363309030395,0.02537857762969351,2.1561582
23296,0.5,0.0001613745078359968,0.031009213214923215,2.2673507
23360,0.5,0.00011455513218392197,0.025391374413217177,2.1885056
23424,0.5,0.00027812942189413546,0.026887552914049928,2.4026034
23488,0.5,0.000124994606267137,0.02679555297446961,2.2781389
23552,0.5,0.00014442167467980957,0.024004976077819217,2.305126
23616,0.5,0.00023431496788735954,0.03146482463033914,2.4285522
23680,0.5,0.00017014083628704872,0.028665131779902316,2.4049885
23744,0.5,0.0002695387584026321,0.04255798358729159,2.3079278
23808,0.5,0.0001040242671506624,0.021509955724411098,2.4233143
23872,0.5,0.00018252285112144558,0.0256661531185615,2.5956743
23936,0.5,0.00013928985454303867,0.024367957979425724,2.2594018
24000,0.5,0.00030570350526836084,0.03235742112430536,2.4132252
24064,0.5,0.0001936528858550446,0.02869773957540534,2.351246
24128,0.5,0.0001910587900741687,0.02740579394458317,2.4840727
24192,0.5,0.0002733023720258429,0.0318491655624629,2.3028276
24256,0.5,0.00022768162324120146,0.03300784214717156,2.1847746
24320,0.5,0.0002005703303065951,0.0331059642619082,2.3613555
24384,0.5,0.00014164343281877604,0.03339244366817928,2.2964723
24448,0.5,0.00017725064363743962,0.028498051065042124,2.2916493
24512,0.5,0.0001073198865555426,0.02660619968189071,2.3442261
24576,0.5,0.0001670196190719265,0.02506189125167513,2.3051333
24640,0.5,0.00015229709366980238,0.022632296500663403,2.2388053
24704,0.5,0.00020976538866540755,0.0326363112615998,2.2157784
24768,0.5,0.0002388111916057037,0.03356835225096768,2.2431765
24832,0.5,8.487277382835815e-05,0.034044591315990726,2.5256414
24896,0.5,0.00014774845385545632,0.022565575358864883,2.7669964
24960,0.5,0.0001347098221947707,0.026435707421426143,2.3714802
25024,0.5,0.00012879686330226632,0.02053672163605116,2.3591137
25088,0.5,0.00017278017811861446,0.022759355378086963,2.3119538
25152,0.5,0.00028703803185807546,0.02291218162735761,2.2204535
25216,0.5,0.00047111130066589205,0.030862516293034954,2.2254143
25280,0.5,0.00015337439253926277,0.030798304435811424,2.2548468
25344,0.5,0.00016486994585041733,0.03442477450289117,2.2019114
25408,0.5,0.00028776170963043215,0.03263522077413991,2.2189915
25472,0.5,0.0002241006495870878,0.018689306676392636,2.272768
25536,0.5,0.0002851648589259841,0.0299688163330803,2.2629054
25600,0.5,0.00011907881331143681,0.02254515166553787,2.2315316
25664,0.5,0.0002007302091864663,0.032684942721499355,2.2550502
25728,0.5,0.00026602098207176116,0.025515591123306633,2.3118157
25792,0.5,0.00023684503494923075,0.026131192805075847,2.293495
25856,0.5,0.00014923407846200622,0.03253277018308257,2.4646032
25920,0.5,0.000110825763661357,0.0174521726613454,2.4099584
25984,0.5,0.00015751791652046204,0.027905013138351233,2.3251736
26048,0.5,0.00023024679310343555,0.025764454093881253,2.347463
26112,0.5,0.00017015997726712301,0.02166594096657112,2.328688
26176,0.5,0.000287411497512429,0.018981575715828713,2.1847107
26240,0.5,0.00018927131111468043,0.021603875485376883,2.200483
26304,0.5,0.0002548347683841712,0.030798365571953666,2.1528761
26368,0.5,0.00019743953537864112,0.03883173154499038,2.1357832
26432,0.5,0.0002557395796891111,0.030796187933415924,2.2019963
26496,0.5,0.00019608973184092552,0.03266087998443381,2.2414138
26560,0.5,0.00014573068674290218,0.02509725725471875,2.275925
26624,0.5,0.00030934757415340767,0.03276246042284946,2.20477
26688,0.5,0.0002488520361852445,0.020403722930770873,2.2065516
26752,0.5,0.00015275938664278477,0.032355451813582146,2.2809775
26816,0.5,0.0011216110443846056,0.05527172350759112,2.2713625
26880,0.5,0.00032956830375496793,0.033670607357009885,2.1799614
26944,0.5,0.00025042995553846686,0.042545770407741657,2.3287733
27008,0.5,0.00010987771662485102,0.021854134860082093,2.207295
27072,0.5,0.0003003057272632747,0.026199402696016307,2.147788
27136,0.5,0.0003827153393917558,0.03337703225104993,2.0800009
27200,0.5,0.00018544722846015177,0.027241706018316263,2.058855
27264,0.5,0.00015662118154496593,0.019404884995982353,2.0850837
27328,0.5,0.0003144365564768283,0.02289465644904257,2.0982242
27392,0.5,0.00014814702398098235,0.03101313193754305,2.1771736
27456,0.5,0.00020920638593925603,0.02059429106394778,2.129681
27520,0.5,0.00011183700964442036,0.027570958924304747,2.0855
27584,0.5,0.00012575646197739954,0.024514592188021805,2.050684
27648,0.5,7.576946924624887e-05,0.03802119361633734,2.0608988
27712,0.5,0.00013840058625860633,0.01839228447215026,2.0505202
27776,0.5,0.00010183021370629422,0.018481654492324483,2.0429204
27840,0.5,0.0003548026622613381,0.020311938279235164,2.0438995
27904,0.5,0.00041966179787777946,0.026583442934045926,2.0393932
27968,0.5,0.00015871004247944103,0.022841668670645982,2.0983953
28032,0.5,0.0001413742935483242,0.02152088474221208,2.0786927
28096,0.5,0.0001543536917731552,0.020083880240695996,2.1035635
28160,0.5,0.00040224394899416585,0.02746401818122781,2.067208
28224,0.5,0.0001471287311726204,0.023036366469505878,2.1136403
28288,0.5,0.00020945844955670457,0.033640375906915404,2.0940807
28352,0.5,0.0002625259066772987,0.032207351976772366,2.1889045
28416,0.5,0.0003390028364644119,0.02722938459353204,2.1114798
28480,0.5,0.0001883172967890134,0.02571921158008428,2.1339343
28544,0.5,0.00034663486837397767,0.02709086241565341,2.108809
28608,0.5,0.0001685755468137675,0.021350439238535707,2.1840367
28672,0.5,0.00031801988618984043,0.023994951694939433,2.1074193
28736,0.5,8.598972464971814e-05,0.021022885284278304,2.0871432
28800,0.5,0.0003036510754274587,0.03002228369293313,2.4002476
28864,0.5,0.00010838169617098374,0.02385472249002834,2.2279935
28928,0.5,0.0002569325576599101,0.030021081094971137,2.30184
28992,0.5,0.00014297420749508386,0.023197183495934613,2.5158136
29056,0.5,8.832649409170748e-05,0.01994518824542675,2.2975917
29120,0.5,0.00011575941985885974,0.024724952907247712,2.262722
29184,0.5,0.00034260949979471734,0.025617577864737524,2.2337575
29248,0.5,0.00019333238576019912,0.02415747984441246,2.300554
29312,0.5,0.0002583718084100507,0.027626918348090477,2.2195175
29376,0.5,9.171956537076613e-05,0.023479792991458897,2.1604981
29440,0.5,0.00015551075208748767,0.01854922602555192,2.2235699
29504,0.5,0.00037977433153586884,0.021299057258469114,2.1447675
29568,0.5,0.00021369155334665461,0.026712715747492854,2.0977142
29632,0.5,0.0002873518375660448,0.03157733487426224,2.086968
29696,0.5,0.00023406326165967647,0.020956155204761902,2.301273
29760,0.5,0.00018806943595942963,0.02989818371713366,2.2928388
29824,0.5,0.00018026327275102105,0.03359971283161374,1.9792227
29888,0.5,0.00016030787945125596,0.028148283420261492,2.0593116
29952,0.5,0.00028491204043540406,0.04136134886510447,2.0785239
30016,0.5,0.00013850428170068577,0.02382778042283462,2.0801327
30080,0.5,0.00025880466289761116,0.04186086199924851,2.254011
30144,0.5,0.00032625487949969415,0.025001994486947003,2.1978178
30208,0.5,0.00016663735541694931,0.027261152902521298,2.2440877
30272,0.5,0.00020923840825569424,0.03407187539437782,2.32311
30336,0.5,0.0002931758401895682,0.026784760338186803,2.2699008
30400,0.5,0.00025361698349115616,0.03251349811724516,2.236696
30464,0.5,0.0001927991720351755,0.0355634682094467,2.347809
30528,0.5,0.0003055787763976207,0.030544715284486712,2.3215842
30592,0.5,0.00017952668491382021,0.04132640676083693,2.2152607
30656,0.5,0.00012294782316115614,0.02368754645117583,2.2237096
30720,0.5,0.0002083331732300489,0.029357282185980584,2.2188416
30784,0.5,0.00013727928292913324,0.029672234224629317,2.2106109
30848,0.5,0.0003951070756220485,0.02802888102345034,2.2667549
30912,0.5,0.00028457834864572276,0.037037437261726196,2.2241452
30976,0.5,0.0002673907982919927,0.035950893467646565,2.305567
31040,0.5,0.000241808681727752,0.028429501461934792,2.426744
31104,0.5,0.00015103216027065563,0.027802577139622073,2.3156114
31168,0.5,0.0003572067114987476,0.025911280262870866,2.4106832
31232,0.5,0.0002031193710760593,0.024685544624046662,2.6983376
31296,0.5,0.0002636817775132392,0.032473529128043806,2.6210735
31360,0.5,0.00035454737730225225,0.024951285011663184,2.4484003
31424,0.5,0.0002158589392322104,0.023571772840322563,2.3209486
31488,0.5,0.0002642625361364532,0.029149894941475612,2.268809
31552,0.5,0.00028836874812829787,0.03335862129665983,2.3343456
31616,0.5,0.00011763216548081038,0.03277180769283319,2.229886
31680,0.5,0.00041509787799441254,0.023509256433792126,2.3042653
31744,0.5,0.00014475909276572766,0.02311030693602326,2.235802
31808,0.5,0.000315084897983474,0.026968932795192566,2.228764
31872,0.5,8.981961650533776e-05,0.02596732646332026,2.2538533
31936,0.5,7.465857500695468e-05,0.026502644950233946,2.0908535
32000,0.5,0.00018320652016730796,0.026044071734237347,2.025212
32064,0.5,0.00013532266278465006,0.03023388576846915,2.31686
32128,0.5,0.0001787462807796045,0.025220017506515074,2.1640177
32192,0.5,0.00028136862058907855,0.021648100977278085,2.4268706
32256,0.5,0.0002098522648268767,0.029599139638015325,2.5951147
32320,0.5,7.12219939992388e-05,0.024512109238548453,2.6907606
32384,0.5,0.00013304044089739345,0.02338861271025105,2.0240443
32448,0.5,0.0001953119099945905,0.020549313741619748,2.2533493
32512,0.5,0.0001669117706193862,0.018406056183079292,2.2929845
32576,0.5,0.00010546038522961044,0.020331711330348032,1.9168426
32640,0.5,0.00011734300317654673,0.022396290569325475,1.5356274
32704,0.5,7.484176133016952e-05,0.023859831711916073,1.5168025
32768,0.5,0.00011344061078154432,0.019244557699402188,2.0473757
32832,0.5,0.0002117896535833786,0.02288474875498761,1.4402533
32896,0.5,0.00020676045400185622,0.01919750190026829,1.3513647
32960,0.5,0.00018987265081810058,0.02547661569704371,1.3859
33024,0.5,0.00017148220891353308,0.017207276421344706,1.3915223
33088,0.5,0.00019123376294911894,0.02695360049552032,1.4494927
33152,0.5,9.641863378481494e-05,0.020734911478419632,1.3412725
33216,0.5,0.00014233891609779568,0.01911904319917572,1.3725564
33280,0.5,0.0001655317877662064,0.017122259645947418,1.3283894
33344,0.5,9.220119773721712e-05,0.013785372819072238,1.5173384
33408,0.5,0.00010124576237065715,0.023737716054041607,1.48299
33472,0.5,0.00011987333878302955,0.01781497867780347,1.3327842
33536,0.5,0.00014787736880824318,0.01912792962548018,1.1521115
33600,0.5,0.00010730369146304998,0.01890116282298246,1.2752198
33664,0.5,0.00014487302798401493,0.0228042105338135,1.6624185
33728,0.5,0.00010858016145997104,0.014724055310856788,1.6344591
33792,0.5,6.551173641144992e-05,0.019153182336921166,1.6889248
33856,0.5,0.00011342189882203885,0.015223916731303744,1.2796
33920,0.5,6.641896974402838e-05,0.021445422182760097,1.1693661
33984,0.5,0.0001235152589462065,0.021352123947389376,1.2170864
34048,0.5,0.0001324029004719635,0.01748655841883074,1.278808
34112,0.5,7.362174153890955e-05,0.016140304729145703,1.2110956
34176,0.5,7.560923700111744e-05,0.014750083934803043,1.211979
34240,0.5,6.504896338232025e-05,0.020060669263528858,1.2319595
34304,0.5,8.64753820778019e-05,0.013405574323080623,1.1746588
34368,0.5,5.961004022748861e-05,0.021273067870897444,1.125201
34432,0.5,3.927257782986917e-05,0.01389284988241743,1.1399592
34496,0.5,8.04813796228187e-05,0.0166272439149928,1.3899348
34560,0.5,9.688699597631967e-05,0.024570871037827978,1.3917029
34624,0.5,0.00015934171947866858,0.024398679165434433,1.1814837
34688,0.5,0.00011045322587222017,0.021818780955586717,1.1125613
34752,0.5,9.015822993458439e-05,0.01854889725361914,1.1027132
34816,0.5,0.0001753685622547752,0.018737227234996514,1.4407868
34880,0.5,0.0001613087076350439,0.016345629237463903,1.3659998
34944,0.5,0.0001124096877351227,0.012456652816880954,1.1509521
35008,0.5,7.690448461757191e-05,0.018286204609136155,1.1145405
35072,0.5,4.912998690932074e-05,0.012029457802618743,1.2058775
35136,0.5,0.000122711334547469,0.022830690119742196,1.1882364
35200,0.5,0.0003149237571173515,0.016391525959149292,1.2203864
35264,0.5,0.0004111325394740987,0.016268340873506336,1.150202
35328,0.5,9.010360136145415e-05,0.010721527750203597,1.1403232
35392,0.5,6.258018032667678e-05,0.015487521954822168,1.1526576
35456,0.5,8.024932268918787e-05,0.015943340324563248,1.155354
35520,0.5,0.00014982646878672183,0.01845211930470733,1.2113775
35584,0.5,8.793636677514646e-05,0.016635011349171513,1.2809043
35648,0.5,8.846021916592333e-05,0.018110577634097992,1.1783289
35712,0.5,0.0001367483880666558,0.019051580491978595,1.1972768
35776,0.5,0.00020275136246944827,0.012944154529847643,1.4035269
35840,0.5,0.0001544721813352502,0.013964771288077776,1.2005609
35904,0.5,0.00015614152106645376,0.015658803004676047,1.1702483
35968,0.5,8.290426805095714e-05,0.018898685314029794,1.328999
36032,0.5,0.00012987592057544487,0.014467581186274066,1.266183
36096,0.5,4.121809609371172e-05,0.021815096656067866,1.1901047
36160,0.5,0.00012049190002648579,0.014340021595904943,1.3894602
36224,0.5,0.00013531019524593013,0.013647882806132534,1.4485742
36288,0.5,0.0002386671429121634,0.015249894240090283,1.2993149
36352,0.5,9.291938711599969e-05,0.017278426657968235,1.3316209
36416,0.5,0.00012253668671313088,0.01452992653459532,1.3731165
36480,0.5,0.00019267707860194606,0.010688248808578412,1.5810798
36544,0.5,0.00019177405067590206,0.01742908921823377,1.4950942
36608,0.5,0.00010905457411565301,0.015598748226649042,1.4283834
36672,0.5,7.70030684959368e-05,0.01477813262076414,1.3819386
36736,0.5,0.00016155545976785518,0.012048229053904604,1.414218
36800,0.5,5.801456933160432e-05,0.013478523018120265,1.4300767
36864,0.5,8.889505150477817e-05,0.014754095570577842,1.3626672
36928,0.5,0.00013150977359216014,0.012296398681319163,1.2696238
36992,0.5,9.104198123629851e-05,0.009072916906323428,1.2995085
37056,0.5,8.360902216174459e-05,0.009590557396609892,1.3438076
37120,0.5,0.00016151404873844218,0.012188675704219745,1.2609456
37184,0.5,8.635941522668637e-05,0.013566253321691096,1.183655
37248,0.5,3.710168925608877e-05,0.010745678828262842,1.1792189
37312,0.5,0.00012582799087961427,0.020630579525434414,1.1861676
37376,0.5,4.2208005356080705e-05,0.013476486083996275,1.1825626
37440,0.5,7.022059252236413e-05,0.01075665054590431,1.1994058
37504,0.5,0.00023384084439345208,0.012282394145445455,1.1287073
37568,0.5,7.187915793695408e-05,0.021867843822697502,1.3744245
37632,0.5,6.074566800050109e-05,0.01118777794194125,1.1999285
37696,0.5,8.566157862648854e-05,0.015602816830408926,1.2694014
37760,0.5,6.467102131255746e-05,0.011844078462012122,1.0998086
37824,0.5,0.00010501898520592227,0.0142880436554281,1.2474236
37888,0.5,8.148600389248129e-05,0.012329695735197304,1.1473012
37952,0.5,6.292738071938549e-05,0.006834398251191225,1.2298244
38016,0.5,6.39241879533253e-05,0.017324235563525255,1.2389128
38080,0.5,9.014148597205692e-05,0.011363766405097899,1.231799
38144,0.5,4.5648438716760485e-05,0.01211641498714921,1.1626625
38208,0.5,9.714514684194203e-05,0.017077099554925285,1.1895728
38272,0.5,0.00011655579742825032,0.012817556649868991,1.534157
38336,0.5,8.183972549286662e-05,0.011869979117895573,1.3854178
38400,0.5,0.00019352980113524387,0.01458193064214385,1.4159012
38464,0.5,9.546423301826665e-05,0.02770420094092658,1.2973692
38528,0.5,0.00011333789087289274,0.0127233158230779,1.2888298
38592,0.5,9.183810305400515e-05,0.015963562433658218,1.5370313
38656,0.5,9.630813515220812e-05,0.018659299178324124,1.2932638
38720,0.5,8.888992052139397e-05,0.010253736336364056,1.2039181
38784,0.5,0.00021710082959530615,0.01546632572304346,1.3336564
38848,0.5,0.00023804247533336587,0.011097255351849099,1.325588
38912,0.5,0.00011697660677002984,0.013085239201912938,1.251873
38976,0.5,5.1971345488833656e-05,0.011285997653249651,1.241405
39040,0.5,0.0002211157322018621,0.014842579849160247,1.2670656
39104,0.5,0.00014569118034567292,0.013761516405011583,1.3442545
39168,0.5,8.839119198711387e-05,0.013491183339010972,1.3038172
39232,0.5,0.00010172356613737543,0.019906033164738036,1.3247471
39296,0.5,0.00010381491257716036,0.012572235265283347,1.3373108
39360,0.5,9.912094382553522e-05,0.019313692117895503,1.1977718
39424,0.5,0.00016735145629153382,0.013660209931333408,1.2860483
39488,0.5,6.955704211198584e-05,0.013671781032883683,1.2459621
39552,0.5,0.00021496187989633597,0.01842033093392148,1.2844688
39616,0.5,3.697090106664505e-05,0.017592645026503526,1.3291906
39680,0.5,0.0001735788944740888,0.02352516385581541,1.439615
39744,0.5,0.00015096638309027336,0.02065266765780025,1.3209177
39808,0.5,0.00011123803513898347,0.013003114365006343,1.2889068
39872,0.5,6.646280813694215e-05,0.014451132706082021,1.463256
39936,0.5,6.276696826300625e-05,0.01201355806690017,1.510115
40000,0.5,0.0001488186941666451,0.026143123849028983,1.4750966
40064,0.5,4.0454693436791965e-05,0.01715369149737832,1.3962342
40128,0.5,9.511255788927355e-05,0.013446958353084558,1.4273869
40192,0.5,0.0001919302499842498,0.011729146658762221,1.3921355
40256,0.5,0.0001119569498491915,0.017130509103892404,1.3116924
40320,0.5,6.954210983383607e-05,0.00998697801773192,1.3595932
40384,0.5,8.814032720230956e-05,0.016835339469605325,1.2208729
40448,0.5,5.391634690835524e-05,0.014090131703162841,1.2483286
40512,0.5,0.00011075922076742017,0.014293728741695797,1.2466494
40576,0.5,0.00014101215171535841,0.013421748987383514,1.2225041
40640,0.5,0.0003038314349369238,0.01612844589082911,1.1788939
40704,0.5,7.24012526401928e-05,0.014182640562794417,1.1176008
40768,0.5,0.0003163993511609535,0.014492408107525044,1.0920991
40832,0.5,0.00013084447532142244,0.010452670105482578,1.2850914
40896,0.5,9.047539959692149e-05,0.011233286952078472,1.8381792
40960,0.5,7.666803662347653e-05,0.008483954349980602,1.6195233
41024,0.5,0.00011730325610252684,0.018301609958532906,1.3940078
41088,0.5,0.00010425858390923939,0.01417126194678826,1.2384139
41152,0.5,0.0001397051360794331,0.01302892529752471,1.2203071
41216,0.5,0.00010607195794894626,0.01596506790459417,1.1715811
41280,0.5,0.00014424473876025156,0.014251653075100214,1.3061748
41344,0.5,0.00012254637431216982,0.015959550032210886,1.5043817
41408,0.5,9.047054440652178e-05,0.015048254253685675,1.3678029
41472,0.5,0.0001884089977208888,0.020202475845119812,1.2248685
41536,0.5,0.00010246612229488723,0.014497969983510963,1.2587737
41600,0.5,0.00014859589088208244,0.01686733071834507,1.2165835
41664,0.5,0.00015091702783820438,0.019574188595876504,1.572202
41728,0.5,0.0001188020154243703,0.019861109543011467,1.5325209
41792,0.5,0.0001560058035369699,0.015835654020022155,1.4067104
41856,0.5,5.4912847929032786e-05,0.012187106523755898,1.4571656
41920,0.5,3.774359112604603e-05,0.010530026387596309,1.350057
41984,0.5,6.929634434096687e-05,0.016893402523887067,1.3507395
42048,0.5,0.00010361087425800569,0.011330372059568676,1.2817336
42112,0.5,0.00012804192256925698,0.023201255649080318,1.2588553
42176,0.5,8.167135261312926e-05,0.023349083392699276,1.292833
42240,0.5,0.00019833390218094518,0.025139560806485998,1.2540592
42304,0.5,0.00010105272782420255,0.01902825998197322,1.2696873
42368,0.5,0.00023417960800862283,0.019172636297406356,1.5264937
42432,0.5,0.0006208416613170632,0.02818476078711452,1.6195045
42496,0.5,0.00011485941724949664,0.022945627728728227,1.4623597
42560,0.5,0.0001916516809332451,0.011697690307187973,1.4443393
42624,0.5,5.7133690264510816e-05,0.010755169947326514,1.3379588
42688,0.5,9.56314485454298e-05,0.016058614017161955,1.520082
42752,0.5,0.00012532986865962544,0.01848344651767284,1.3755956
42816,0.5,9.299171465889854e-05,0.008972360082632018,1.5215061
42880,0.5,8.3881862440235e-05,0.011652167927005708,1.3989941
42944,0.5,0.00013136190385512896,0.01809936489424611,1.4450481
43008,0.5,0.0001763159973334592,0.014234281453963495,1.438073
43072,0.5,3.404759028433965e-05,0.012682118864580986,1.504009
43136,0.5,8.051409609394638e-05,0.014248564513641005,1.4875793
43200,0.5,4.845342103484048e-05,0.011103705100587023,1.5067126
43264,0.5,6.57291102808527e-05,0.013006539701779903,1.6414541
43328,0.5,0.00010049447306076603,0.013127710097585957,1.3920189
43392,0.5,0.00013629904136896337,0.014805003029573263,1.3996592
43456,0.5,9.21468496182963e-05,0.018534823317665296,1.4914954
43520,0.5,5.444036456618696e-05,0.017433910944226125,1.4742658
43584,0.5,0.0001643585601016596,0.018865502465544443,1.3638526
43648,0.5,0.00013469762089859133,0.015913717782086678,1.3372718
43712,0.5,9.693988789018072e-05,0.015467311599540725,1.3221726
43776,0.5,0.00012167376348527016,0.009841623978735,1.2836187
43840,0.5,0.00014824467866257922,0.015469145016380775,1.2715893
43904,0.5,8.533326244315293e-05,0.01482763694516935,1.305055
43968,0.5,0.00026655014862976366,0.014601981538984416,1.2476431
44032,0.5,0.00010960176894837936,0.012944427834271622,1.3000718
44096,0.5,8.45953688663724e-05,0.017502266158177567,1.5912653
44160,0.5,0.0001780648566736862,0.014345138771104429,1.4042292
44224,0.5,5.1454003265488986e-05,0.012430563566960534,1.3227504
44288,0.5,5.282901990355526e-05,0.012804743578182556,1.5259973
44352,0.5,5.5187856759674326e-05,0.012971132575548088,1.5345069
44416,0.5,7.132252344008245e-05,0.017566584760909276,1.6216593
44480,0.5,0.00015427521312842942,0.016711195026993326,1.4815687
44544,0.5,4.570676311621875e-05,0.012871266208532371,1.2702949
44608,0.5,0.00019650278898258018,0.013796713928269644,1.2951076
44672,0.5,6.791253161365698e-05,0.01419614517124475,1.273644
44736,0.5,7.249795732535018e-05,0.015628050324249618,1.1916194
44800,0.5,8.09517308837442e-05,0.016775663945569785,1.4065021
44864,0.5,0.0004338410262344832,0.022043152701876165,1.270702
44928,0.5,0.00016046408859438088,0.01617094362767038,1.3633976
44992,0.5,3.630655556131994e-05,0.010502999852080887,1.4309456
45056,0.5,6.972454170611147e-05,0.01038369977243292,1.7735841
45120,0.5,0.00010510957264620492,0.01814745388285616,1.4604961
45184,0.5,6.027162302203791e-05,0.012800829148253715,1.5166024
45248,0.5,6.151380246816668e-05,0.014430061104089073,1.2781919
45312,0.5,6.337584524959205e-05,0.010869638025495346,1.3653396
45376,0.5,5.9441760255219336e-05,0.012749723637956399,1.4464341
45440,0.5,0.00012004786977773117,0.015181828749742672,1.6192938
45504,0.5,5.267948001343274e-05,0.011635443581567147,1.3863231
45568,0.5,6.228983976605319e-05,0.01161039123024567,1.5705235
45632,0.5,7.676039915953702e-05,0.007190299806716088,1.4963019
45696,0.5,6.927252705819728e-05,0.01992895150233815,1.5303557
45760,0.5,6.075171657040769e-05,0.017363233626838337,1.5824666
45824,0.5,2.3158653631628935e-05,0.009697886646516817,1.4339124
45888,0.5,0.00011651511157725402,0.016840240883206032,1.3816714
45952,0.5,6.902820789591983e-05,0.009129395286512932,1.4326556
46016,0.5,2.5640234058040993e-05,0.011921764272203213,1.2468625
46080,0.5,0.00010297550557092044,0.020600642525452895,1.4142296
46144,0.5,6.84518356722817e-05,0.010793071839079044,1.242858
46208,0.5,0.00011923590556342297,0.01629915009309168,1.291564
46272,0.5,9.603515289095063e-05,0.01179418598156525,1.2375578
46336,0.5,9.998909952242464e-05,0.009128580895341876,1.2184409
46400,0.5,6.207696026771426e-05,0.015361905165891648,1.1099279
46464,0.5,0.00012407480013715825,0.015217225318140775,1.2720126
46528,0.5,8.369709936721085e-05,0.011604419771249739,1.1374652
46592,0.5,6.789742512340197e-05,0.01197735083531285,1.1733971
46656,0.5,3.494680175787256e-05,0.00838323155009833,1.233471
46720,0.5,0.00012242955952522898,0.012002312042888874,1.2118598
46784,0.5,5.1893280267755306e-05,0.010451149383455646,1.4069932
46848,0.5,0.00010021637052827338,0.01752182320903728,1.5918057
46912,0.5,0.00023512836761611512,0.011751433038419929,1.7541391
46976,0.5,5.1366774670214e-05,0.00996234222791952,1.9053806
47040,0.5,6.626408364826041e-05,0.010907058879846429,1.2294812
47104,0.5,0.00010969169683006396,0.013153944013834924,1.2402778
47168,0.5,7.14338160540657e-05,0.013614001180362299,1.2743485
47232,0.5,0.00023873027037422747,0.013876857077415154,1.3484753
47296,0.5,7.026272234943699e-05,0.012314594243455516,1.2687632
47360,0.5,5.7017199702068575e-05,0.012752801880384896,1.3309629
47424,0.5,0.00014866014377210897,0.011733838531617432,1.2817518
47488,0.5,6.58017712201038e-05,0.01150944603081606,1.3290454
47552,0.5,7.615005763321224e-05,0.016116205037794436,1.2528831
47616,0.5,0.00010797054789477175,0.015116523940271907,1.2639028
47680,0.5,9.371601564833245e-05,0.012945047434878652,1.1972466
47744,0.5,6.533096601352944e-05,0.013533208018984577,1.3319132
47808,0.5,0.00013807837878984815,0.01153039090540734,1.1859572
47872,0.5,0.0001074618495487922,0.018642384677321957,1.3769882
47936,0.5,7.530369246581705e-05,0.015079219665644386,1.5667868
48000,0.5,0.00012877397296406912,0.018821710728568353,1.4706645
48064,0.5,9.215391543365871e-05,0.012138520335556645,1.5248921
48128,0.5,4.853302985583678e-05,0.013532564876685693,1.4846474
48192,0.5,6.445261804532976e-05,0.016479648835537406,1.4710767
48256,0.5,3.6276837681370466e-05,0.012619156659208597,1.3440657
48320,0.5,0.00010823693608119301,0.01064989061468006,1.3515501
48384,0.5,5.3188963940275405e-05,0.013573750475122185,1.3036027
48448,0.5,5.0149147690652694e-05,0.011109211017935362,1.3290191
48512,0.5,6.660476363572022e-05,0.012876518354579942,1.3028079
48576,0.5,0.00010495718457735502,0.011244635540482316,1.4596217
48640,0.5,5.7812808972791284e-05,0.010717669376155604,1.4897712
48704,0.5,0.00019124077213810684,0.01335554926160813,1.4076682
48768,0.5,6.340546458879766e-05,0.012148489382891937,1.556427
48832,0.5,4.504045647972058e-05,0.013431482129696524,1.8234658
48896,0.5,4.840084777162487e-05,0.010858808730661767,1.4762616
48960,0.5,6.650103103890036e-05,0.01039694055506232,1.4404194
49024,0.5,5.626492236120262e-05,0.013576711632423041,1.4992144
49088,0.5,3.651865315409222e-05,0.01334061028525957,1.6090237
49152,0.5,3.865376013097629e-05,0.014938188633171416,1.6027507
49216,0.5,9.150423372001486e-05,0.01167773073424245,1.578985
49280,0.5,0.00023165167316406608,0.015192138342492159,1.6781105
49344,0.5,7.055022146079429e-05,0.014712937332813385,1.4625458
49408,0.5,5.977564530690316e-05,0.0131663202592294,1.3377483
49472,0.5,3.975464113461856e-05,0.013147333665968423,1.4542215
49536,0.5,0.0001109094644400866,0.011568241540678939,1.3654046
49600,0.5,0.0001260678560822359,0.0151602451983147,1.7123868
49664,0.5,9.474688859674697e-05,0.009788766553039374,1.2524182
49728,0.5,8.521650271947705e-05,0.014014635907874991,1.3976707
49792,0.5,8.9686958169625e-05,0.019907807272397573,1.292615
49856,0.5,0.00016945827496722847,0.01764905448400907,1.2323103
49920,0.5,6.151462975386342e-05,0.01448825315885048,1.1711202
49984,0.5,5.840312235368168e-05,0.01321353380688992,1.3957173
50048,0.5,8.845600106903194e-05,0.01812189825529186,1.4844022
50112,0.5,8.727001988836675e-05,0.011957952849112274,1.4894819
50176,0.5,4.383471549388873e-05,0.008294328194143318,1.58312
50240,0.5,5.31815629411773e-05,0.010949106805703275,1.2214189
50304,0.5,4.419410565074294e-05,0.008108361398855892,1.3453138
50368,0.5,1.584537324991954e-05,0.007645065598997104,1.2360743
50432,0.5,5.570412424000486e-05,0.00829107863109945,1.2369465
50496,0.5,5.059399622638857e-05,0.015420232304589585,1.2601136
50560,0.5,6.557105830719477e-05,0.010785864135219035,1.391115
50624,0.5,7.977907155475183e-05,0.010830508700616148,1.2103317
50688,0.5,6.017375590341788e-05,0.013465031148097493,1.1743809
50752,0.5,4.011043652259207e-05,0.010188287469489828,1.36803
50816,0.5,6.396552151119605e-05,0.007966815083150286,1.4089735
50880,0.5,7.893420837479821e-05,0.01272341254134713,1.4342148
50944,0.5,0.00010656162921011143,0.01868805522833243,1.498531
51008,0.5,7.592328439740313e-05,0.009830108447693126,1.3662877
51072,0.5,0.00011405638573296054,0.009170916361991964,1.3230205
51136,0.5,6.22705107446334e-05,0.010951043620867297,1.4322283
51200,0.5,6.443431579047964e-05,0.009778154860896539,1.451219
51264,0.5,2.9730841701457178e-05,0.006765946665899682,1.568195
51328,0.5,2.9980666239673644e-05,0.006660203162029719,1.5198902
51392,0.5,6.381369487158145e-05,0.007285365270975538,1.5462866
51456,0.5,0.00019745084251664277,0.00825445586988391,1.4189421
51520,0.5,5.7013316414823485e-05,0.012232813182757278,1.4864851
51584,0.5,3.331857885653108e-05,0.010232602933729894,1.3808271
51648,0.5,5.817700163078781e-05,0.010457984567093069,1.4712557
51712,0.5,2.860184857524928e-05,0.007415284757204237,1.4526473
51776,0.5,8.534019381962926e-05,0.008912906082608257,1.4588022
51840,0.5,4.6548248179756655e-05,0.006482505900561902,1.3254764
51904,0.5,8.48680580141789e-05,0.005707816979990091,1.288449
51968,0.5,2.4449215265462952e-05,0.008890480306329255,1.3845334
52032,0.5,0.0002090446590702427,0.011512270028798089,1.4111389
52096,0.5,5.1289866177811615e-05,0.009615877113370782,1.3449928
52160,0.5,5.236405383742108e-05,0.010506237567295972,1.2742869
52224,0.5,3.7020216122020706e-05,0.009129910063289254,1.346779
52288,0.5,7.075857744755764e-05,0.007084615878185518,1.3192204
52352,0.5,4.588652078204915e-05,0.011322010731986186,1.545006
52416,0.5,5.066402157730657e-05,0.012523180137918559,1.5700692
52480,0.5,2.2492031523072036e-05,0.007752795649703465,1.5101022
52544,0.5,7.948728261524932e-05,0.021463124379055953,1.3665609
52608,0.5,6.371958937044901e-05,0.00771660477831917,1.3150724
52672,0.5,0.00014149729513663925,0.011282747557375615,1.3715441
52736,0.5,5.462744351825788e-05,0.017400093453889248,1.393445
52800,0.5,8.87357300007352e-05,0.014148225170932468,1.3120928
52864,0.5,5.374553760866263e-05,0.011317307724722076,1.3468887
52928,0.5,0.00012148239194478342,0.015645395691237306,1.3532723
52992,0.5,8.538999322870511e-05,0.013494430297298082,1.3036653
53056,0.5,3.405873717432506e-05,0.007359548155780754,1.3003625
53120,0.5,4.589515345970203e-05,0.0076447848866390685,1.3385334
53184,0.5,2.299388438780687e-05,0.010301968245759118,1.5500251
53248,0.5,3.849980258256489e-05,0.010269683107588827,1.3750334
53312,0.5,3.360358553612e-05,0.0101730233874121,1.5204138
53376,0.5,4.684047015458121e-05,0.008324522607972893,1.4014176
53440,0.5,5.56665804394016e-05,0.012759156467473587,1.3716215
53504,0.5,5.2055575453631024e-05,0.009700770839087961,1.3791276
53568,0.5,4.612278110821544e-05,0.008228752565374463,1.3724005
53632,0.5,3.341758414005396e-05,0.014919278256050114,1.426929
53696,0.5,6.082960745557714e-05,0.01402571117000827,1.4000244
53760,0.5,0.00013343582827271934,0.010755642622950382,1.3814523
53824,0.5,3.434002811598904e-05,0.00877858875829977,1.5344135
53888,0.5,3.199109371468708e-05,0.007458819298150001,1.4594836
53952,0.5,6.904431296891124e-05,0.010674501899991883,1.504282
54016,0.5,2.3580126344638993e-05,0.011267453338662801,1.693966
54080,0.5,4.156412350812304e-05,0.012765368014143009,2.2747695
54144,0.5,6.795236870066839e-05,0.010435082758121208,2.1670022
54208,0.5,8.03275715990442e-05,0.015839338054246855,1.7995633
54272,0.5,5.919621960356639e-05,0.012047347168465148,1.9055357
54336,0.5,6.764588719819405e-05,0.016731050737133386,2.0861468
54400,0.5,6.073007514143366e-05,0.013682226092313196,2.160759
54464,0.5,3.5569008012230214e-05,0.009990359490061418,2.091112
54528,0.5,5.178083902990238e-05,0.014277348869789819,2.1430428
54592,0.5,0.00020224780322308789,0.012636283353722393,1.9913212
54656,0.5,9.231909943989258e-05,0.01091621795064315,2.1686614
54720,0.5,4.121580150217413e-05,0.014433196226825177,1.8468317
54784,0.5,8.856462222354567e-05,0.030509786175956455,1.7318711
54848,0.5,9.626509294531178e-05,0.02113962100319391,1.7069427
54912,0.5,7.05050194467205e-05,0.010665909411353197,1.6815985
54976,0.5,8.89502757559224e-05,0.017424646971885876,1.7286634
55040,0.5,5.438233665050315e-05,0.012407863075526028,1.7986993
55104,0.5,0.00015612884742250484,0.01482073462112432,1.7975326
55168,0.5,3.469761457323008e-05,0.025234047964137158,1.8465611
55232,0.5,0.00011122175072999753,0.016565441578958316,1.7935282
55296,0.5,4.855739332754183e-05,0.015749608069773578,1.8080745
55360,0.5,8.746651686643807e-05,0.02065578599108885,1.8478246
55424,0.5,5.869926187679979e-05,0.015130527460255058,1.7182567
55488,0.5,7.224177191956832e-05,0.01534844802137433,2.0551
55552,0.5,9.408943725897068e-05,0.008629101254741924,1.7606392
55616,0.5,3.929019028233476e-05,0.011197900661186025,2.0473292
55680,0.5,5.808918876194883e-05,0.00955312063145003,1.7330678
55744,0.5,8.183060356448853e-05,0.02500860279696133,1.8955957
55808,0.5,0.00016212765567643933,0.014922663930001055,2.8545089
55872,0.5,5.8508914581573936e-05,0.013896946849290078,1.9993806
55936,0.5,2.516907733128884e-05,0.011295334416026035,1.8281164
56000,0.5,6.830926773215342e-05,0.014846231526034842,1.9801592
56064,0.5,0.00010936176375429973,0.011809937170756834,1.9341787
56128,0.5,0.00023461801753654754,0.015902345394323725,1.647173
56192,0.5,3.992472240677003e-05,0.009715018520049957,1.7276337
56256,0.5,4.8241077704876016e-05,0.009610708472731072,2.1080918
56320,0.5,7.215518354769301e-05,0.016553600726981785,1.9289246
56384,0.5,3.163287548186271e-05,0.0083073276397313,1.8413107
56448,0.5,3.638377701177292e-05,0.012608095047666145,1.6283659
56512,0.5,7.728381730508931e-05,0.014992361499572704,1.5549012
56576,0.5,2.7080250548668545e-05,0.015626515760054978,1.5386475
56640,0.5,4.4199503634712976e-05,0.01137248608011009,1.4835935
56704,0.5,3.228474859158369e-05,0.010131983698585714,1.9639642
56768,0.5,1.7465292482565785e-05,0.007965240394114783,2.0016608
56832,0.5,2.985945435409227e-05,0.007841887950673743,1.8815503
56896,0.5,6.972339601384523e-05,0.01053769686295099,1.5534248
56960,0.5,1.6105448746329923e-05,0.006714936348822014,1.6064631
57024,0.5,3.279241944516142e-05,0.006191957051868278,1.4528657
57088,0.5,5.248402966042394e-05,0.0065862376883756985,1.7744538
57152,0.5,4.38632141850151e-05,0.01107983200036587,1.8196868
57216,0.5,4.411783163223371e-05,0.011740907002451976,1.7037184
57280,0.5,1.8702264073693317e-05,0.008716563629532806,1.6443654
57344,0.5,6.996460991517652e-05,0.010139870300118899,1.5190624
57408,0.5,3.1167110943482694e-05,0.009117042745760187,1.4709686
57472,0.5,4.312529544110955e-05,0.015007880694409143,1.579837
57536,0.5,3.5216499441048654e-05,0.015974878613816322,1.4711632
57600,0.5,4.9915786593230145e-05,0.010238770078507247,1.5679617
57664,0.5,9.989410419982104e-05,0.015290702754161693,1.6697764
57728,0.5,3.784788474166708e-05,0.011725648977962043,1.7212145
57792,0.5,4.3541855926670925e-05,0.009997660181279308,1.6065571
57856,0.5,3.864453384102458e-05,0.0075731273365023275,1.7007025
57920,0.5,5.050463292076578e-05,0.007254685603113959,1.5906423
57984,0.5,2.0387037599537145e-05,0.007663492931967009,1.6006424
58048,0.5,4.197952485889756e-05,0.009231908136075072,1.776177
58112,0.5,1.7590614785518134e-05,0.010811460985916543,1.5724676
58176,0.5,5.626261753082258e-05,0.00737153810729974,1.3804308
58240,0.5,5.651709458250693e-05,0.013815929215537233,1.4790738
58304,0.5,1.968032930674952e-05,0.011158322408932199,1.5300401
58368,0.5,2.8701008313684422e-05,0.010586894208175844,1.5328494
58432,0.5,4.581734964264555e-05,0.010689459332238326,1.5175502
58496,0.5,2.447963604645942e-05,0.006221270592836181,1.4586488
58560,0.5,3.3903939527726374e-05,0.010222070134229166,1.4788519
58624,0.5,3.1998395412325516e-05,0.010387528999797611,1.5240251
58688,0.5,3.64799708658447e-05,0.008780213091544989,1.5497681
58752,0.5,6.500930360317307e-05,0.014664500679152237,1.5200626
58816,0.5,9.346096544329705e-05,0.015874727270025,1.719585
58880,0.5,0.00012765806271193054,0.013000332253135726,1.6346405
58944,0.5,3.6389599096919e-05,0.014161539372471155,2.2935889
59008,0.5,8.485586812067788e-05,0.011076762066572314,2.0813022
59072,0.5,4.402687214086411e-05,0.009529467024396828,1.9843794
59136,0.5,4.764988568334206e-05,0.015989290835832864,1.9828532
59200,0.5,6.345498930663593e-05,0.00948047137879319,2.0698075
59264,0.5,8.788598700313844e-05,0.01229347816131674,1.9894935
59328,0.5,3.590331181968054e-05,0.009059004389786615,2.1512291
59392,0.5,5.701699529400737e-05,0.010796874651860503,1.9666796
59456,0.5,2.4531947869512632e-05,0.0068593360307275175,1.8023624
59520,0.5,5.7532256333968893e-05,0.009027919800471046,2.2384117
59584,0.5,5.9660839062778846e-05,0.013245125770455588,1.801329
59648,0.5,2.508516319198116e-05,0.011084860183053819,2.1025138
59712,0.5,4.509569345539471e-05,0.009380046344112438,1.8668871
59776,0.5,2.93678571888778e-05,0.011527600238057852,1.8360808
59840,0.5,3.3838947706872055e-05,0.012920602243911573,1.7750759
59904,0.5,4.5548252885789984e-05,0.010755716510371634,1.908358
59968,0.5,9.683445486885489e-05,0.01044569689418647,2.0627625
60032,0.5,2.605083222900497e-05,0.014162845947369836,1.9994106
60096,0.5,6.33512127371853e-05,0.007953902476107704,1.8906571
60160,0.5,3.9580451140067744e-05,0.010849950453938433,1.7495103
60224,0.5,3.927736303617942e-05,0.008243346666100262,1.8282151
60288,0.5,9.899605028008722e-05,0.01389965936620229,1.9927175
60352,0.5,4.462329171029627e-05,0.012108769384442363,1.7832671
60416,0.5,6.567946641692496e-05,0.013264150814836761,1.9886303
60480,0.5,5.035996687616392e-05,0.01180204238629187,2.2677853
60544,0.5,6.287488701417487e-05,0.010635276474054808,2.099406
60608,0.5,5.961529898243809e-05,0.01094701830557475,2.6231618
60672,0.5,7.524147893178679e-05,0.009893832686845395,2.1850529
60736,0.5,3.793243661403054e-05,0.012450612094102358,1.7679918
60800,0.5,4.418961294019408e-05,0.010140800653593534,1.8575417
60864,0.5,8.794024331104127e-05,0.010454321599149398,2.1051424
60928,0.5,1.9423847435890714e-05,0.009295316620233599,1.9166657
60992,0.5,3.7257397049323743e-05,0.016016117412243045,2.0077322
61056,0.5,9.367431805589359e-05,0.017586055925390278,1.8877797
61120,0.5,5.025607137665311e-05,0.014465575527285179,1.7909328
61184,0.5,8.895944005452238e-05,0.01594550943809072,1.7512091
61248,0.5,6.11412951723966e-05,0.013549264065714925,1.634968
61312,0.5,2.4540989888703673e-05,0.009815474439412497,1.7328247
61376,0.5,8.339485250840973e-05,0.012772403361198923,1.7971978
61440,0.5,0.0003371394808383506,0.05007728743989189,1.766144
61504,0.5,0.00010931971382707694,0.03294890098906831,1.7386065
61568,0.5,7.478023268863728e-05,0.018491887068422905,1.5133126
61632,0.5,3.611584018486495e-05,0.013708397332259028,1.6385669
61696,0.5,3.6220056040191045e-05,0.01430935329691503,1.5876781
61760,0.5,4.713618637808281e-05,0.01419993121275644,1.5622668
61824,0.5,0.00010054872956268223,0.016270352248161386,1.5503249
61888,0.5,7.732644817623107e-05,0.015631489708463443,1.5781286
61952,0.5,4.713317349132222e-05,0.015374076776635765,1.6666496
62016,0.5,5.6225064875671585e-05,0.008920586403844468,1.6553172
62080,0.5,7.035009911772353e-05,0.011589852032866797,1.791113
62144,0.5,4.7226223681060095e-05,0.01224638928773496,1.7128127
62208,0.5,6.724645229463721e-05,0.02120591228498158,1.6647455
62272,0.5,4.410344910046139e-05,0.010566037975443808,1.5346255
62336,0.5,5.2201172509678773e-05,0.01276977590697529,1.62184
62400,0.5,5.7139611678160654e-05,0.013856403329846294,1.5775125
62464,0.5,5.756864717615575e-05,0.013579938557557205,1.6675761
62528,0.5,0.0001507113316606813,0.014765098661118588,1.6841317
62592,0.5,5.7973820296043916e-05,0.01434979225626193,1.5759231
62656,0.5,7.186663499726731e-05,0.009386145508950578,1.4528106
62720,0.5,2.0079512512980035e-05,0.01545016515167434,1.6026189
62784,0.5,5.580516526861899e-05,0.009629375649369214,1.6717811
62848,0.5,4.2140274137736355e-05,0.010077188991928828,1.6495564
62912,0.5,5.00007902541246e-05,0.012924544533589707,1.6036224
62976,0.5,8.179205595293035e-05,0.012925289228890902,1.5154344
63040,0.5,0.0001047464798135031,0.01477738186214738,1.5296655
63104,0.5,3.7889561714404214e-05,0.011366447257369575,1.5544299
63168,0.5,5.6459254335808595e-05,0.011481306022485807,1.7093626
63232,0.5,5.3801649751462854e-05,0.010261278398195831,1.7248696
63296,0.5,4.426263359484855e-05,0.01024460295438535,1.5778033
63360,0.5,2.3303646215944163e-05,0.005740197500831087,1.5613871
63424,0.5,2.6337552576303726e-05,0.007004545726993478,1.6888542
63488,0.5,3.693963641784774e-05,0.01266857568134124,1.505962
63552,0.5,3.0647120761314576e-05,0.012737794271098276,1.4795269
63616,0.5,6.718059394939603e-05,0.012872220312677707,1.5313839
63680,0.5,3.7145135869801986e-05,0.017443257325634565,1.5283923
63744,0.5,3.577126367244116e-05,0.006683164407981852,1.634913
63808,0.5,3.554746722723114e-05,0.008183175737040834,1.635906
63872,0.5,4.223525750222184e-05,0.008531831582885287,1.5851061
63936,0.5,3.506894609114108e-05,0.007282416191693408,1.6165141
64000,0.5,3.5309552631953725e-05,0.008899546462379617,1.5695906
64064,0.25,3.358708615525347e-05,0.00949467039972632,1.732752
64128,0.25,1.429931563711329e-05,0.004780510027164089,1.731142
64192,0.25,2.0606084583600173e-05,0.007477718392612466,1.6733743
64256,0.25,2.0365350545428645e-05,0.005298269362006828,1.5400279
64320,0.25,1.2645602715484946e-05,0.004448758435281237,1.7422789
64384,0.25,1.2093545609848476e-05,0.007430966120326011,1.6014162
64448,0.25,1.0381631621688333e-05,0.005315530246154624,1.5840635
64512,0.25,1.7963390260014362e-05,0.004191218512065905,1.5059
64576,0.25,1.740536632375161e-05,0.0047912035465584165,1.582783
64640,0.25,1.37962172503707e-05,0.00808691497073301,1.6411859
64704,0.25,1.3306706684274601e-05,0.0056756857464651525,1.5867082
64768,0.25,1.410376721607393e-05,0.00474497560049005,1.6260561
64832,0.25,2.758577179787715e-05,0.005437496711422677,1.5675753
64896,0.25,1.0611927298471029e-05,0.0059586270149840845,1.5200981
64960,0.25,1.5397080869699197e-05,0.00679347258560403,1.4678893
65024,0.25,1.7848387778122976e-05,0.010628331877275512,1.5128158
65088,0.25,1.5678959766865597e-05,0.004384440011430924,1.5030453
65152,0.25,2.3634338171112696e-05,0.011450646184090717,1.3654747
65216,0.25,2.8826004655850095e-05,0.005855245004486079,1.4197278
65280,0.25,2.8324019726408016e-05,0.0035264893337671552,1.4875095
65344,0.25,2.1832764545383925e-05,0.007875041658129746,1.4471952
65408,0.25,1.6672764513287738e-05,0.00733077206649216,1.5369105
65472,0.25,1.3925420819881115e-05,0.00712650342325509,1.482565
65536,0.25,2.0716693704946703e-05,0.005394543932516936,1.7494277
65600,0.25,2.8212709971299226e-05,0.008882707065746578,1.7505525
65664,0.25,1.2083167807717633e-05,0.0051751774490662325,1.4880161
65728,0.25,1.7608031901547076e-05,0.005339109473017767,1.3808551
65792,0.25,3.3460072172027145e-05,0.008253551369199906,1.3124638
65856,0.25,2.3189699801072414e-05,0.006402087285753534,1.3544194
65920,0.25,1.587084377137497e-05,0.004145310217100978,1.5929016
65984,0.25,1.3564798309736339e-05,0.0060512922091401624,1.4512306
66048,0.25,1.8410280602894986e-05,0.003742644689965198,1.3586606
66112,0.25,2.096319790962259e-05,0.006582894808700659,1.3309754
66176,0.25,6.087525167381662e-06,0.006296547122893846,1.4330839
66240,0.25,1.2556092870622071e-05,0.004745286003972718,1.4354545
66304,0.25,2.2302228024055164e-05,0.008683579381035225,1.4738854
66368,0.25,1.0608550975804878e-05,0.006290438751188828,1.4719012
66432,0.25,1.8706298595308876e-05,0.005958990199930335,1.4924359
66496,0.25,1.6152556651408386e-05,0.003981089899435266,1.4709218
66560,0.25,3.618411004256694e-05,0.0033783250899116347,1.6327485
66624,0.25,1.0732830614233203e-05,0.0058246241735569766,1.5768199
66688,0.25,7.149478562133429e-06,0.004871521081510927,1.4898548
66752,0.25,2.5738101878560336e-05,0.0058983769130150155,1.5152603
66816,0.25,1.6522274983848157e-05,0.006140349939025557,1.3877989
66880,0.25,8.226216306453659e-06,0.007954203080912516,1.850876
66944,0.25,1.1600951207516427e-05,0.004200567730349259,1.7942129
67008,0.25,1.7401380760527032e-05,0.011723502306536255,1.6817694
67072,0.25,1.2914453222334644e-05,0.005042104925278831,1.4403912
67136,0.25,0.00022457158270772573,0.013966671867391487,1.4982764
67200,0.25,3.666876240491147e-05,0.03557581107508588,1.4213927
67264,0.25,1.6051209082929802e-05,0.0056804134300108425,1.4909148
67328,0.25,1.6385696199131083e-05,0.0066980992515684665,1.4865577
67392,0.25,2.0727805862824286e-05,0.007538783965454273,1.5939713
67456,0.25,4.634074528512165e-05,0.0055732915937782715,1.5663247
67520,0.25,2.7861664636700192e-05,0.009410581995694783,1.5342525
67584,0.25,2.3996200751660472e-05,0.007003987440671795,1.5063472
67648,0.25,1.3609533466210325e-05,0.007181535212473084,1.5336736
67712,0.25,2.2131539461431064e-05,0.009065405553131262,1.3946995
67776,0.25,1.0123190512001566e-05,0.00631358654706902,1.5325181
67840,0.25,9.55399480731016e-06,0.00492043251262847,1.5484887
67904,0.25,2.3854338749234534e-05,0.0035804438984072037,1.7810371
67968,0.25,2.1457237481716534e-05,0.0066544995820469535,1.3764962
68032,0.25,3.272895437408236e-05,0.0065575958367964995,1.4893405
68096,0.25,3.613327201941503e-05,0.012043399754929648,1.3696249
68160,0.25,3.000581175341278e-05,0.007835023408786475,1.513759
68224,0.25,5.367787162310559e-05,0.007179298651452922,1.4829115
68288,0.25,2.9069508453742375e-05,0.011947631560166238,1.4140606
68352,0.25,6.960000389621968e-06,0.006022670739655008,1.5576847
68416,0.25,5.2414384829545404e-05,0.007176204961766048,1.5925529
68480,0.25,1.3052214734361241e-05,0.008196754594032057,1.6307046
68544,0.25,8.656336615399654e-06,0.005502628322314524,1.6494741
68608,0.25,1.9105213424630563e-05,0.004674233466036071,1.7017812
68672,0.25,1.7446815367099016e-05,0.007947758941315912,1.4590889
68736,0.25,1.3165627814509225e-05,0.006425130255898605,1.458264
68800,0.25,1.489560388983809e-05,0.006320940368950798,1.5068552
68864,0.25,3.0963113941927916e-05,0.007253098637233907,1.4299486
68928,0.25,1.3967035735522433e-05,0.004369298017400217,1.4131359
68992,0.25,2.710276189056478e-05,0.005303806088282473,1.4595346
69056,0.25,1.752910548672089e-05,0.012452592644539028,1.4668314
69120,0.25,4.1289780259631005e-05,0.006689220428929277,1.4174429
69184,0.25,3.9685671829573036e-05,0.00689082182492678,1.5628943
69248,0.25,8.66664016715979e-06,0.007675320700501435,1.4680561
69312,0.25,2.556423597914246e-05,0.007064224174630567,1.4779733
69376,0.25,2.132987022962496e-05,0.006126104349871217,1.458452
69440,0.25,1.2913265120258661e-05,0.004714779659813973,1.5544819
69504,0.25,1.4300975459028966e-05,0.005860826876208451,1.3768247
69568,0.25,1.0052102859614218e-05,0.003983570456948968,1.3069065
69632,0.25,1.0002367649485671e-05,0.007356510462496672,1.2795897
69696,0.25,1.1221322210538756e-05,0.005068668868484058,1.2818553
69760,0.25,1.7249084420807693e-05,0.006367974964765237,1.4133471
69824,0.25,1.5962502776954666e-05,0.007161541934106376,1.3564339
69888,0.25,1.4353302309710186e-05,0.007241837228330497,1.6685072
69952,0.25,1.5941321504442384e-05,0.005756889975996031,1.4286935
70016,0.25,1.3332367622229357e-05,0.00574525733231057,1.4069775
70080,0.25,7.633792248191929e-06,0.010627623970025611,1.2950327
70144,0.25,2.1413072227303582e-05,0.008029008948796715,1.3480465
70208,0.25,1.8568414607246707e-05,0.006666115764174125,1.67767
70272,0.25,2.2191480887190188e-05,0.005350565408409281,1.3740283
70336,0.25,1.5765295743604654e-05,0.009302163613003216,1.3737918
70400,0.25,1.8987120516209398e-05,0.010969398025391649,1.5614129
70464,0.25,2.2228073209273392e-05,0.005825637220448562,1.4003453
70528,0.25,9.888902363878552e-06,0.008231962008722157,1.4564986
70592,0.25,1.1830900344150796e-05,0.004456445492320107,1.4267763
70656,0.25,1.6887655266057685e-05,0.006122738231944573,1.5444895
70720,0.25,2.147406928060258e-05,0.007835147349138382,1.4897609
70784,0.25,8.848480862369777e-06,0.004699860515665331,1.5265199
70848,0.25,2.4904184386220015e-05,0.008286461819935944,1.4631628
70912,0.25,2.7384556549274776e-05,0.011843579681546847,1.4226769
70976,0.25,1.5959966206735565e-05,0.012091549232386515,1.4275736
71040,0.25,2.8485097383698913e-05,0.015515344536213973,1.3953385
71104,0.25,1.1045803127592366e-05,0.006080283470831992,1.4913429
71168,0.25,1.141305458488818e-05,0.004660635473831205,1.4047977
71232,0.25,3.671521948313351e-06,0.0035696579090492503,1.4012258
71296,0.25,8.683548454652927e-06,0.005610037454346604,1.4369979
71360,0.25,1.7793563840540373e-05,0.006868773258578904,1.49939
71424,0.25,1.887277775995342e-05,0.005968016764305046,1.6109376
71488,0.25,1.2871021707715762e-05,0.006951912376621519,1.5292131
71552,0.25,7.540675871123281e-06,0.0033625849384194173,1.5184271
71616,0.25,1.442310565735055e-05,0.004118231196909958,1.4959737
71680,0.25,4.10211430615041e-06,0.00429802254478953,1.4444075
71744,0.25,5.85797957010043e-05,0.012694616563507002,1.401844
71808,0.25,1.4002615340908833e-05,0.004500639816070338,1.4670852
71872,0.25,2.2626792391644558e-05,0.0062343789515005524,1.515558
71936,0.25,6.556917165067369e-06,0.004397864175786224,1.5177519
72000,0.25,4.6812463845398335e-05,0.006129407264848963,1.4207219
72064,0.25,2.01340985547725e-05,0.006922260318214433,1.337638
72128,0.25,5.0359412099537814e-05,0.007975262167882548,1.3399655
72192,0.25,1.6001221332128885e-05,0.0064039198579232395,1.4690028
72256,0.25,2.9108517749671332e-05,0.007255931134144981,1.6141213
72320,0.25,1.1841929554040704e-05,0.004687747188634108,1.483531
72384,0.25,3.7099007860027575e-05,0.004420544974393583,1.4552301
72448,0.25,2.12192666644401e-05,0.005889904547019515,1.4099001
72512,0.25,2.3612437160388703e-05,0.003910443796120188,1.3688498
72576,0.25,7.711435116700585e-06,0.004385279679622614,1.3779992
72640,0.25,1.0669705431405831e-05,0.003400117654707812,1.319963
72704,0.25,1.583281676743833e-05,0.004598975246754468,1.3525541
72768,0.25,2.22017516472194e-05,0.006710281401623534,1.3062057
72832,0.25,3.1133551961255126e-05,0.01154366427607229,1.2213092
72896,0.25,9.81842570051128e-06,0.004800945926468041,1.3367217
72960,0.25,6.059243016672213e-06,0.005897232528612005,1.49754
73024,0.25,1.1510530782159785e-05,0.0042921293965125324,1.455984
73088,0.25,3.6384409014032844e-05,0.007950747745122232,1.45557
73152,0.25,1.618783937168667e-05,0.006867607435539145,1.4267772
73216,0.25,1.674495711069829e-05,0.0042343740288881375,1.3809369
73280,0.25,1.4419340325778223e-05,0.00551784063909395,1.3161811
73344,0.25,1.4837228887627376e-05,0.006179388426807647,1.3446805
73408,0.25,3.266596925438952e-05,0.005961853618417538,1.3202115
73472,0.25,1.6165077741660554e-05,0.005259913020193337,1.3083546
73536,0.25,1.923106635388735e-05,0.006617990047099541,1.5863291
73600,0.25,8.372877426130239e-06,0.0080707347824799,1.4643018
73664,0.25,3.2031204583569804e-05,0.006826480929896123,1.6112974
73728,0.25,9.063274376334511e-06,0.0059149693279215735,1.4407996
73792,0.25,1.6944615756997294e-05,0.007377216997792889,1.5809991
73856,0.25,3.0881978940355825e-05,0.007120030935331723,1.6643726
73920,0.25,1.2702718100927029e-05,0.0063773786948812024,1.5699958
73984,0.25,8.861043403488481e-06,0.004196016348128289,1.6468716
74048,0.25,2.2697713002937012e-05,0.004708126870364072,1.4778421
74112,0.25,1.6750562413107128e-05,0.005368353764405742,1.7139835
74176,0.25,2.0733154020748673e-05,0.004078970085961196,1.6289552
74240,0.25,6.275679335002523e-05,0.006073348786114659,1.552644
74304,0.25,1.1964166533456888e-05,0.007041401039362008,1.5791599
74368,0.25,2.9704236966665575e-05,0.010139349206119808,1.5603611
74432,0.25,7.801363301548584e-06,0.005459722366805538,1.3628551
74496,0.25,5.243219514803534e-06,0.0089350967542476,1.3007033
74560,0.25,2.3281358833689538e-05,0.005587098555758433,1.4016142
74624,0.25,2.3356734102692888e-05,0.006465032663748606,1.4516385
74688,0.25,9.890964078945236e-06,0.005082297315316754,1.5737548
74752,0.25,2.0602996094413682e-05,0.0048144421740780995,1.4261878
74816,0.25,6.243900263346036e-06,0.003847483402505157,1.6411886
74880,0.25,2.4408776816970274e-05,0.0052686824023236494,1.621117
74944,0.25,2.0066976125054095e-05,0.005989472981921257,1.4927306
75008,0.25,3.384805829120306e-05,0.007243696762629765,1.4855866
75072,0.25,2.6579114630459205e-05,0.00812239092095693,1.5937947
75136,0.25,2.7100432190143064e-05,0.0078490214437681,1.4678329
75200,0.25,2.8012791803533332e-05,0.008362518182250712,1.4674879
75264,0.25,1.603337115459916e-05,0.0069369661924051735,1.564207
75328,0.25,2.6149101835554515e-05,0.00610824082677736,1.473263
75392,0.25,1.9536115632867397e-05,0.006270095082324847,1.5062538
75456,0.25,1.2007517253185476e-05,0.004580455249892386,1.3209534
75520,0.25,1.1289256890520618e-05,0.005495024963980407,1.3194594
75584,0.25,2.2095899220662166e-05,0.007012674614731709,1.3737035
75648,0.25,6.2691242000793386e-06,0.007009657374874386,1.3821477
75712,0.25,1.2741259928479084e-05,0.006034713765020371,1.2404573
75776,0.25,2.305728199316461e-05,0.007100436616802156,1.408515
75840,0.25,2.1776424449265665e-05,0.00674863780217298,1.3567944
75904,0.25,1.266569541118416e-05,0.006925804743582338,1.3230889
75968,0.25,1.8530408961936473e-05,0.006977403053410238,1.253031
76032,0.25,1.130286431677216e-05,0.006045651394655703,1.3576801
76096,0.25,9.267513828984872e-06,0.006598361841569788,1.2969332
76160,0.25,1.721579946763659e-05,0.007169110245109715,1.3328835
76224,0.25,2.9445081575802262e-05,0.00956250162923181,1.470269
76288,0.25,2.423812216266307e-05,0.009467232008586,1.5376275
76352,0.25,8.47346872855471e-06,0.006571615052707969,1.3807225
76416,0.25,1.2202715583271607e-05,0.0045026128421678776,1.3437289
76480,0.25,1.005616147424259e-05,0.00438018768861055,1.3934623
76544,0.25,3.0838073372729054e-05,0.005379303612199906,1.4539561
76608,0.25,6.426677169182472e-06,0.0045571227280102175,1.3335539
76672,0.25,2.1019553585077677e-05,0.00929053461200113,1.4673094
76736,0.25,1.3648300867908658e-05,0.005048488745058118,1.5017812
76800,0.25,3.0446401121669317e-05,0.009798305953965619,1.4719787
76864,0.25,7.828443798879165e-06,0.003757935164712852,1.3695654
76928,0.25,2.2738433858864425e-05,0.0074680222326913666,1.2754246
76992,0.25,1.1344757951577597e-05,0.006228970353847734,1.5375499
77056,0.25,1.6431913416368816e-05,0.005752594052057146,1.343204
77120,0.25,1.6812602881777217e-05,0.006792512041391002,1.3903793
77184,0.25,1.4895014454873636e-05,0.006310251108897843,1.4254521
77248,0.25,1.4791152218035244e-05,0.00435273578750535,1.4368707
77312,0.25,3.19547182814623e-05,0.0075362075860885,1.4533955
77376,0.25,1.9003212046182663e-05,0.006232822082941492,1.3672037
77440,0.25,1.9283577340424493e-05,0.005688026115451216,1.4067879
77504,0.25,6.782418335376631e-06,0.006603991594625245,1.4101048
77568,0.25,9.010451540350517e-06,0.0037947121184259214,1.4614396
77632,0.25,2.0091725909091956e-05,0.007179032857682805,1.4800322
77696,0.25,1.4365461860874756e-05,0.004565510263111099,1.4064813
77760,0.25,1.1339614835615676e-05,0.008197869558376888,1.4707948
77824,0.25,9.308587238900715e-06,0.004350168335486124,1.4488411
77888,0.25,2.5306462216337177e-05,0.008762585332720164,1.824045
77952,0.25,1.6007535777023873e-05,0.006210423418952897,1.5923848
78016,0.25,1.2913872754496141e-05,0.006070959634213773,1.5856363
78080,0.25,1.239232843187866e-05,0.008957076041279132,1.6239089
78144,0.25,1.906457598632727e-05,0.005028013159209785,1.6264917
78208,0.25,2.143831263157567e-05,0.009988650653135298,1.4892478
78272,0.25,6.830507791361464e-05,0.010163263328891831,1.603782
78336,0.25,1.2970540266109754e-05,0.007672017201813844,1.5784656
78400,0.25,1.576604628891664e-05,0.011193674483667577,1.4817889
78464,0.25,1.1407588174057483e-05,0.007085916835119057,1.4932977
78528,0.25,1.7323188777711223e-05,0.005650987243360548,1.4959382
78592,0.25,3.4992510663856e-05,0.0058022501931296825,1.4590316
78656,0.25,2.873370518109594e-05,0.007050511097696811,1.5191026
78720,0.25,1.6006019130543336e-05,0.005619025297031981,1.478884
78784,0.25,2.3593640392873915e-05,0.007198543832087454,1.4713382
78848,0.25,6.457876242263098e-06,0.005157827462414143,1.3873017
78912,0.25,6.993087210683994e-06,0.009365848217290655,1.381394
78976,0.25,8.526907395796831e-06,0.005006028279286406,1.4087477
79040,0.25,1.0551965201576453e-05,0.006167962555854092,1.4268181
79104,0.25,1.8748073612203888e-05,0.0062282500631915625,1.4495556
79168,0.25,1.7202707244110206e-05,0.00561815965446777,1.4008905
79232,0.25,1.9645959964972825e-05,0.0066939719607127775,1.5702986
79296,0.25,1.0340747665643863e-05,0.003065592975027988,1.5169909
79360,0.25,7.135282578618618e-06,0.006499073514697854,1.3968995
79424,0.25,8.828794226603122e-06,0.007878944097799503,1.5154253
79488,0.25,2.9857570083773044e-05,0.008667580963371899,1.537681
79552,0.25,1.3045360915474313e-05,0.005422175891324908,1.5350841
79616,0.25,9.17615300524615e-06,0.005820287727182805,1.4594723
79680,0.25,1.5674078303672295e-05,0.006297905716930703,1.633755
79744,0.25,6.403362463234791e-05,0.008623190562626995,1.5734061
79808,0.25,1.2116263497634127e-05,0.006676718604438623,1.526125
79872,0.25,4.517731996359448e-05,0.009888150272985318,1.5276083
79936,0.25,0.00011494763010989212,0.01399893193005457,1.5868112
80000,0.25,1.637446509075713e-05,0.011748856300212893,1.4097843
80064,0.25,2.029782831735999e-05,0.006382859326965441,1.3699361
80128,0.25,1.7027703721816488e-05,0.006269538069303758,1.4247754
80192,0.25,1.0611859237054082e-05,0.005354390715854909,1.4907979
80256,0.25,1.0203837198174115e-05,0.006690096860586711,1.44753
80320,0.25,1.547869617462789e-05,0.00569972908656684,1.4557055
80384,0.25,1.836431445096998e-05,0.007205510049594337,1.4357295
80448,0.25,1.213513260765697e-05,0.004085381231408059,1.48723
80512,0.25,3.9163826407906206e-06,0.005733838997870409,1.6498368
80576,0.25,1.2748497230316217e-05,0.007121412057269401,1.904468
80640,0.25,2.1583438143342923e-05,0.0050482871459087775,1.6629294
80704,0.25,9.044765008057041e-06,0.005187763541617418,1.9014467
80768,0.25,1.7836602591339403e-05,0.008273426428114685,1.6677253
80832,0.25,1.4380233607172695e-05,0.006005503370747553,1.9312173
80896,0.25,1.556798420413387e-05,0.005880945032778245,1.8063512
80960,0.25,1.0280480133027161e-05,0.008290655267251949,1.7293036
81024,0.25,1.366950810382225e-05,0.004441996408833423,1.7007388
81088,0.25,1.6032709390896436e-05,0.006037448058332351,1.6190379
81152,0.25,1.808123836421421e-05,0.007736273901718276,1.6158233
81216,0.25,2.4373209966696243e-05,0.004499135507336668,1.5898862
81280,0.25,1.6591799524584235e-05,0.006701278450842702,1.5607328
81344,0.25,2.753522952574678e-05,0.005248974892026907,1.7183846
81408,0.25,7.785972706416308e-06,0.004382602393758648,1.757211
81472,0.25,1.2997083850464972e-05,0.005576295199573404,1.6938102
81536,0.25,9.341453848781398e-06,0.004972600986206837,1.6771724
81600,0.25,9.033560253189002e-06,0.0032438726753937787,1.6793228
81664,0.25,1.1312009131850904e-05,0.00679756523651296,1.6645695
81728,0.25,2.6953387620252384e-05,0.004235388226119709,1.8556849
81792,0.25,1.6330749013115763e-05,0.004320422028477211,1.6359136
81856,0.25,8.659205340353438e-06,0.00468206792000906,1.7229438
81920,0.25,1.423407085295613e-05,0.0052568677347183375,1.6267178
81984,0.25,1.165749655054932e-05,0.004827450287284783,1.6871833
82048,0.25,1.5654092261738278e-05,0.005407902083262266,1.6912911
82112,0.25,1.979731009450566e-05,0.006676837434846244,1.6336539
82176,0.25,7.55761513901527e-06,0.004278726595124084,1.6266274
82240,0.25,1.3315515526020231e-05,0.006552862642876981,1.6813613
82304,0.25,9.787805927412296e-06,0.004106792421989429,1.6173753
82368,0.25,5.664411029276131e-06,0.004359857735912657,1.5548943
82432,0.25,1.5343604090663104e-05,0.006886679659715209,1.5961109
82496,0.25,1.7123139374265667e-05,0.01005253928883137,1.5843967
82560,0.25,1.3129660240110206e-05,0.0059045265441550355,1.5942649
82624,0.25,2.7055571693833913e-05,0.009646364678889111,1.5085658
82688,0.25,1.2808061370473519e-05,0.006688585674383027,1.5504826
82752,0.25,2.1412081142125097e-05,0.007357315945427726,1.5826317
82816,0.25,3.37747158078112e-05,0.004738778727152937,1.7036164
82880,0.25,8.13782329772157e-06,0.010116503804136626,1.7660623
82944,0.25,1.2994018275735132e-05,0.005268373200382867,1.7909949
83008,0.25,1.5439019345252843e-05,0.005943434564056187,1.6973239
83072,0.25,1.035025519172117e-05,0.007514799292589041,1.9405674
83136,0.25,1.868355817365746e-05,0.0041156215964885945,1.6093441
83200,0.25,8.164358086398815e-06,0.00472058117587932,1.6222912
83264,0.25,1.1556524314262314e-05,0.00719368956293815,1.8511946
83328,0.25,2.060792681049181e-05,0.005575375375392829,1.9374743
83392,0.25,1.7244937242136666e-05,0.014495596841585296,1.6988724
83456,0.25,6.283112752425596e-06,0.009185777714201671,1.5888505
83520,0.25,1.726095331291893e-05,0.00677733772112516,1.5148847
83584,0.25,2.352444293348753e-05,0.005889508560281988,1.5082817
83648,0.25,2.3317443847910418e-05,0.006085530309072781,1.5463892
83712,0.25,4.391843787884776e-06,0.005187415118209502,1.4673132
83776,0.25,2.031319519776374e-05,0.007010161931334238,1.5010613
83840,0.25,9.171436089783214e-06,0.008099014651565163,1.4221958
83904,0.25,2.282851499046945e-05,0.006280461888259822,1.5255162
83968,0.25,1.3656965479888436e-05,0.011037824792989225,1.4962169
84032,0.25,3.729738689384939e-05,0.00493080957653475,1.5005567
84096,0.25,1.3335109523613725e-05,0.005672683775168336,1.5274042
84160,0.25,1.0173709326191948e-05,0.004603210691885065,1.4382483
84224,0.25,2.2730436736994423e-05,0.01008505316145456,1.4423048
84288,0.25,6.251278722044229e-06,0.007217171140286638,1.4815333
84352,0.25,8.490739687494122e-06,0.005321662101202568,1.4825138
84416,0.25,6.443286145228568e-05,0.010138277995143798,1.4457716
84480,0.25,2.086191376379917e-05,0.006362294947751574,1.435403
84544,0.25,3.735540351327652e-05,0.013175250834619035,1.4944456
84608,0.25,5.815188267208877e-05,0.00965479117808282,1.4906762
84672,0.25,1.4378062005812597e-05,0.007318614544623213,1.4973123
84736,0.25,2.854099964208798e-05,0.005705355705368104,1.8523715
84800,0.25,8.82908491367774e-06,0.005547332617051877,1.7895725
84864,0.25,1.1619978714963704e-05,0.007216492405619035,1.7479416
84928,0.25,2.7408221681939714e-05,0.007459721237808845,1.5695523
84992,0.25,1.012577552894257e-05,0.007542434063116384,1.5831653
85056,0.25,2.0035057377644815e-05,0.006787006876124725,1.6019337
85120,0.25,1.3462799692417784e-05,0.00823593085135618,1.6244805
85184,0.25,2.8328852410478927e-05,0.006130720945767705,1.5128382
85248,0.25,1.6911459736903946e-05,0.011755410667157856,1.4464979
85312,0.25,1.4439665750238592e-05,0.011641014433679805,1.3882213
85376,0.25,1.3543935420775217e-05,0.007458957089413352,1.3774847
85440,0.25,1.5345187629752823e-05,0.009644100055007527,1.4206411
85504,0.25,6.75241364581027e-05,0.017876939481243508,1.3986368
85568,0.25,3.1241893263406996e-05,0.007925512082024366,1.3926469
85632,0.25,2.3961829624763453e-05,0.009871972766687465,1.4578247
85696,0.25,3.98391241005742e-05,0.012920496001298595,1.5802467
85760,0.25,6.465174123515191e-05,0.014153410076485788,1.4227895
85824,0.25,2.966719296404463e-05,0.014691062722101226,1.4932355
85888,0.25,3.3098007943999436e-05,0.015130729679185195,1.6501838
85952,0.25,1.2768332542773604e-05,0.009982590034998254,1.6552606
86016,0.25,0.000356400195076941,0.0227656483967127,1.4224315
86080,0.25,1.6107473646114883e-05,0.01509748253926251,1.5394721
86144,0.25,2.3860632706236634e-05,0.01044425768478237,1.4144531
86208,0.25,1.532543621413085e-05,0.007667746349261754,1.454102
86272,0.25,2.885921006826543e-05,0.013016599347239012,1.5249937
86336,0.25,2.1996873526246844e-05,0.008477090232778418,1.4822769
86400,0.25,0.000324442596669985,0.020556212896997904,1.5291877
86464,0.25,2.054128540636539e-05,0.009510491654920909,1.4903706
86528,0.25,3.1243282458685956e-05,0.012073297337581272,1.4329027
86592,0.25,1.6022634442984937e-05,0.0063579428894661935,1.3213916
86656,0.25,3.77253405218626e-05,0.008470935050480518,1.4952894
86720,0.25,1.6799292495920696e-05,0.007427763742179869,1.462003
86784,0.25,3.714408396375083e-05,0.010198027936465518,1.5224122
86848,0.25,1.6936458412212336e-05,0.006465187213467761,1.5288464
86912,0.25,1.2925619907941388e-05,0.009952165671649024,1.405839
86976,0.25,5.501065719860557e-05,0.004427390578397363,1.3451259
87040,0.25,3.0440174021121772e-05,0.008234655469686802,1.3851169
87104,0.25,3.164465265410075e-05,0.005553337809760823,1.4627261
87168,0.25,1.5557825921045216e-05,0.0036724198424434593,1.4731959
87232,0.25,1.778453313103179e-05,0.0033848649347878648,1.3758578
87296,0.25,2.7473630208999447e-05,0.009078930961468678,1.4496499
87360,0.25,2.363730942008321e-05,0.009472030972839158,1.4548249
87424,0.25,2.7018816821877678e-05,0.00972634456870294,1.4306108
87488,0.25,2.4849558105552142e-05,0.008345549638850184,1.4425217
87552,0.25,3.1748720959054936e-05,0.011625427662004693,1.69933
87616,0.25,1.3327974613279337e-05,0.0069484601490070715,1.8509384
87680,0.25,2.652916742675196e-05,0.010252230091476073,1.4958547
87744,0.25,2.0232655652817902e-05,0.00652095468501044,1.5158442
87808,0.25,1.8876056840640163e-05,0.005962184208790664,1.5961444
87872,0.25,5.044087283850774e-05,0.009009872762998456,1.5122097
87936,0.25,1.6397749540242145e-05,0.005351834334045365,1.3674769
88000,0.25,1.1893612461937794e-05,0.006902377756946129,1.4321471
88064,0.25,1.390779672820012e-05,0.00879016395558306,1.406529
88128,0.25,2.3604766086874533e-05,0.00949132214565951,1.3682568
88192,0.25,3.4634956994975914e-05,0.009804133850350586,1.3386534
88256,0.25,1.7373295751508178e-05,0.008578293553917659,1.4442078
88320,0.25,1.735947885938041e-05,0.006601988820436343,1.6126822
88384,0.25,2.662610597443717e-05,0.006032818834130176,1.5137742
88448,0.25,3.5685059390257064e-05,0.011346505400264145,1.5086696
88512,0.25,3.771635694954275e-05,0.013367903569046878,1.5121918
88576,0.25,1.5492611032595096e-05,0.00934585694413352,1.384776
88640,0.25,2.6477285305967e-05,0.005584502215285573,1.2971789
88704,0.25,2.0317339975421014e-05,0.008313317749210396,1.274378
88768,0.25,2.259697150843032e-05,0.007005529557876674,1.2921753
88832,0.25,8.781956042683892e-06,0.005110195441644515,1.2783567
88896,0.25,4.134923559905124e-05,0.012648324827367656,1.2693322
88960,0.25,3.2698888647058626e-05,0.014248653617513238,1.3183244
89024,0.25,1.5105169376170707e-05,0.006664275085718493,1.3548782
89088,0.25,1.3638572287559692e-05,0.006478160324820696,1.4170499
89152,0.25,1.5851598654271268e-05,0.007997236144379074,1.3999099
89216,0.25,1.2585692054517622e-05,0.008668085901997897,1.4377713
89280,0.25,3.3053865129449894e-05,0.00823591543256416,1.4340708
89344,0.25,2.1841462570459577e-05,0.006520785739059204,1.4940944
89408,0.25,5.036813934764446e-05,0.012973936360065552,1.3648921
89472,0.25,2.0305500091214543e-05,0.009485980192638716,1.3428414
89536,0.25,1.6021996349604334e-05,0.004553207712469877,1.3442383
89600,0.25,1.5841547494998254e-05,0.005391113674372752,1.3219962
89664,0.25,9.786655495379282e-06,0.00695930403989036,1.7341698
89728,0.25,9.433657202867653e-06,0.006968454242452582,1.4946768
89792,0.25,1.6668834310315557e-05,0.00659577945761106,1.333863
89856,0.25,1.126456062546698e-05,0.005630255118221317,1.3586278
89920,0.25,1.4181236705193288e-05,0.00530935990399627,1.6576955
89984,0.25,1.149202357947072e-05,0.004465158595505876,1.5203089
90048,0.25,1.6179877077674542e-05,0.005363151548630983,1.4346527
90112,0.25,3.133583674561826e-05,0.0071920433340705555,1.4448184
90176,0.25,2.948131913152463e-05,0.006003232014387937,1.3035331
90240,0.25,1.8056401467913087e-05,0.009654198410419763,1.2472247
90304,0.25,1.4938787162756108e-05,0.007877259819664554,1.2807175
90368,0.25,2.0851840460997622e-05,0.011282639977744108,1.2455693
90432,0.25,9.378786938243855e-06,0.006378564328747569,1.3351535
90496,0.25,2.349107679373305e-05,0.010544160470280974,1.2827269
90560,0.25,1.426243649382819e-05,0.010743493839060583,1.2801841
90624,0.25,3.0224341064544192e-05,0.011458094921364946,1.2765365
90688,0.25,1.6142319897740224e-05,0.009836642699193715,1.2567431
90752,0.25,9.831112096967936e-06,0.006227050956151909,1.3513459
90816,0.25,3.3142945701749186e-05,0.009427187978644846,1.3441961
90880,0.25,5.301542072142407e-05,0.009403795882550742,1.2896856
90944,0.25,2.551827286680706e-05,0.0075740789666547785,1.321125
91008,0.25,1.8692218528154614e-05,0.009189994900244972,1.2614152
91072,0.25,1.5096370349250024e-05,0.005689801423082926,1.9065576
91136,0.25,1.0512854577168936e-05,0.006489327009049753,1.4165049
91200,0.25,1.81901294832763e-05,0.006913892823099295,1.4701718
91264,0.25,2.0079705225538847e-05,0.008270905689475534,1.8765869
91328,0.25,2.1992072551867853e-05,0.009287998984211242,1.3164525
91392,0.25,2.7994603659152057e-05,0.009446590761586224,1.303716
91456,0.25,1.880292101848876e-05,0.007056403966874553,1.2413697
91520,0.25,1.2116941572263126e-05,0.0069404552498489105,1.3149267
91584,0.25,3.034052538349081e-05,0.0055405466701526915,1.2735214
91648,0.25,9.29805495785949e-06,0.005705951185303598,1.1769303
91712,0.25,2.1933841988981617e-05,0.006163300616473762,1.4336725
91776,0.25,1.5668317337778135e-05,0.0049306931250414805,1.5363501
91840,0.25,3.9021653937418076e-05,0.007515715320407976,1.3965055
91904,0.25,1.0202075262428095e-05,0.006999520753236681,1.3229396
91968,0.25,2.0435326637166635e-05,0.004356670615265914,1.3571568
92032,0.25,2.3089226679281427e-05,0.01083885859592118,1.3795048
92096,0.25,1.8456749888083115e-05,0.00768653128768024,1.3953173
92160,0.25,1.4986345308733544e-05,0.007043963132128567,1.3836523
92224,0.25,1.3803735745832046e-05,0.005536469684676914,1.2921636
92288,0.25,2.490553890245313e-05,0.007897157660637234,1.3326616
92352,0.25,1.7146651368515896e-05,0.004161605755288021,1.4414613
92416,0.25,3.263828029721015e-05,0.008399868227667326,1.4394248
92480,0.25,1.3605327031235733e-05,0.004308908852193589,1.4084983
92544,0.25,8.407434998619707e-06,0.004837476787496263,1.3614172
92608,0.25,1.7284876780415397e-05,0.006114440538460583,1.5891736
92672,0.25,2.1445151472329615e-05,0.007464056498600523,1.5463159
92736,0.25,1.4714907824574043e-05,0.006762390548098858,1.6054444
92800,0.25,7.320323980032849e-05,0.012855784492378714,1.533512
92864,0.25,3.5683031421123757e-05,0.008929891426492526,1.3472085
92928,0.25,9.894467659236442e-06,0.005855417961554561,1.3902429
92992,0.25,1.529541024975781e-05,0.006337947811489896,1.4292537
93056,0.25,1.2135698135208458e-05,0.005718416832501455,1.3634601
93120,0.25,2.5647273012437378e-05,0.009013644900516458,1.27171
93184,0.25,9.771501716176696e-06,0.0060838167047124045,1.283228
93248,0.25,2.1681430322819148e-05,0.005899954043544122,1.3135369
93312,0.25,1.6441120773213273e-05,0.004791825740797875,1.3418235
93376,0.25,5.119519454843026e-05,0.008127951777316124,1.3011018
93440,0.25,1.410191808971079e-05,0.004119950785768589,1.50188
93504,0.25,4.626027091432807e-05,0.00947528882939946,1.3148801
93568,0.25,2.8875227227829404e-05,0.011651293589220464,1.2322001
93632,0.25,3.216449227756435e-05,0.006022303693945973,1.236014
93696,0.25,3.645759354944849e-05,0.007414512764789453,1.1894028
93760,0.25,1.602424590981762e-05,0.006354166026300421,1.1878035
93824,0.25,6.944340193159073e-05,0.013507256829514041,1.6098356
93888,0.25,1.4373321163708125e-05,0.008825982548879207,1.3987056
93952,0.25,8.329715574506927e-06,0.006728632078413557,1.4167668
94016,0.25,1.2865154440460786e-05,0.0059380569447245995,1.3431053
94080,0.25,1.0452227246140275e-05,0.0061085142227863065,1.381783
94144,0.25,1.4633657526950698e-05,0.005202841247357848,1.4723988
94208,0.25,4.700332408134288e-05,0.00721992258386791,1.391097
94272,0.25,2.2813460124849605e-05,0.005770234455498948,1.3935848
94336,0.25,2.339882757700968e-05,0.005527167942041836,1.3869284
94400,0.25,1.8794802911589042e-05,0.007837261215515071,1.6090362
94464,0.25,3.0482058227556922e-05,0.006092495486308964,1.855288
94528,0.25,1.650728272511762e-05,0.00779835267234872,1.6359427
94592,0.25,1.4197510068096146e-05,0.0060043597481314395,1.4196547
94656,0.25,1.0854847109089909e-05,0.005153494905870635,1.2987099
94720,0.25,4.524489356350081e-05,0.014363466507402686,1.1719884
94784,0.25,2.113145481070304e-05,0.005763788013849839,1.1307596
94848,0.25,1.7260936958512503e-05,0.004898128943499866,1.177455
94912,0.25,2.2495397481750697e-05,0.004572562587747391,1.1792345
94976,0.25,4.9390329864138696e-05,0.0065198237789389785,1.2801409
95040,0.25,1.3542483216152476e-05,0.0047208413789976795,1.3171285
95104,0.25,1.2953661885672225e-05,0.004070722008026573,1.286209
95168,0.25,1.9442868864252218e-05,0.005632220209137451,1.3883646
95232,0.25,2.7737687486671028e-05,0.00506098505018329,1.351812
95296,0.25,2.7647309816114693e-05,0.005127746063450915,1.8162632
95360,0.25,1.4291016995748863e-05,0.005782623195529365,1.4876149
95424,0.25,2.6664233870639588e-05,0.0094747290232727,1.4378842
95488,0.25,2.8373615350849168e-05,0.006701329046976675,1.506433
95552,0.25,2.283224363766555e-05,0.006783514627326141,1.5247264
95616,0.25,1.803508487078038e-05,0.005574445911647477,1.481173
95680,0.25,1.3565545151309728e-05,0.007637349082332975,1.4351983
95744,0.25,2.2415328743589284e-05,0.005968911725695492,1.4216567
95808,0.25,2.71270080995203e-05,0.005536170848279252,1.4385041
95872,0.25,1.9505282195575457e-05,0.004239920927213854,1.3591703
95936,0.25,2.0037635531013264e-05,0.005650116855998806,1.3031479
96000,0.25,1.4398418912084578e-05,0.007480291554364727,1.3516194
96064,0.25,3.335871687450847e-05,0.00666436404357025,1.4408771
96128,0.25,2.7862696734839743e-05,0.0063584125386274195,1.359826
96192,0.25,1.8954169726892793e-05,0.005685669479384368,1.4341333
96256,0.25,7.387011593258965e-06,0.00577507290382636,1.411383
96320,0.25,1.9807001095739265e-05,0.006186604422226324,1.4079897
96384,0.25,1.74038958180417e-05,0.006446141065856736,1.3343333
96448,0.25,3.215922055907065e-05,0.00692666755860032,1.4976455
96512,0.25,2.8626879017462876e-05,0.009107026353239935,1.5051249
96576,0.25,1.3208634008432032e-05,0.006913806857577295,1.4089328
96640,0.25,2.8275719195139074e-05,0.007851042525734443,1.4286798
96704,0.25,1.2711285504533942e-05,0.006206446324141687,1.4740674
96768,0.25,1.3976603207588311e-05,0.005103991526680089,1.5397493
96832,0.25,1.2859121131664208e-05,0.005552992229908881,1.5011425
96896,0.25,2.2136007091967868e-05,0.007315908080506459,1.5128459
96960,0.25,2.7745707121829e-05,0.00749315164985495,1.4941381
97024,0.25,7.52880094623265e-06,0.008612746873033652,1.5795903
97088,0.25,2.4521469654397435e-05,0.009766168294437338,1.5418504
97152,0.25,1.3221714482116096e-05,0.0075370454237056175,1.6245996
97216,0.25,1.1481094113443805e-05,0.006169968205925623,1.4354303
97280,0.25,1.6133317261072786e-05,0.006534532219941245,1.4244121
97344,0.25,1.168959385098476e-05,0.0085860713711304,1.4875511
97408,0.25,2.8645233677356515e-05,0.006179745215992011,1.6859796
97472,0.25,1.7384871799084056e-05,0.006897216721165182,2.0139809
97536,0.25,1.956497669931572e-05,0.005302914597903035,2.2600384
97600,0.25,1.5044708138696924e-05,0.007378008668313672,2.250993
97664,0.25,1.4397329057774182e-05,0.005247380088336886,2.0569263
97728,0.25,7.310743425922625e-05,0.010393207311090195,2.0408576
97792,0.25,1.2642115918546426e-05,0.010382232548730828,2.1037169
97856,0.25,1.9669928971013725e-05,0.00963680973747772,2.0175467
97920,0.25,2.6270223190182703e-05,0.006460643199979178,1.9623508
97984,0.25,6.203218503022937e-06,0.005710875506199248,1.8814669
98048,0.25,1.7635048172583076e-05,0.006151709354337299,1.8685753
98112,0.25,3.86198896076273e-05,0.007020765838335355,2.0120018
98176,0.25,1.5626957698618054e-05,0.007276310914634652,1.9049525
98240,0.25,1.9696903980887398e-05,0.020472137905008944,1.885577
98304,0.25,1.1401086475322754e-05,0.004899150122673021,1.9582291
98368,0.25,2.1321990037228907e-05,0.008454491053162873,1.9687842
98432,0.25,2.226439278713107e-05,0.007330328139065885,1.8792698
98496,0.25,1.76997638088767e-05,0.007356845840271296,1.8107233
98560,0.25,3.387684504332952e-05,0.007118697708939443,1.8308666
98624,0.25,2.0079252045771385e-05,0.006268603095760974,1.8105718
98688,0.25,1.2886991562300954e-05,0.005463350012935343,1.9026457
98752,0.25,2.6632095826661746e-05,0.007982906601105988,1.7460585
98816,0.25,3.73340495166839e-05,0.010920971100119158,1.6795793
98880,0.25,1.679780742197228e-05,0.009876431946374055,1.6176902
98944,0.25,1.5720875527512176e-05,0.006055825893469575,1.5456296
99008,0.25,1.698953634523548e-05,0.00871262939160892,1.5145024
99072,0.25,2.1964060047592056e-05,0.006326315915250629,1.5220771
99136,0.25,1.8813526972514366e-05,0.0062797081339868435,1.6411824
99200,0.25,4.622868942172025e-05,0.014686624960006245,1.5421625
99264,0.25,1.1312254906330222e-05,0.007333134249010341,1.5623848
99328,0.25,5.3573165460081526e-05,0.006954471442501872,1.7423763
99392,0.25,2.6890256199185542e-05,0.008488595586487502,1.7424899
99456,0.25,4.118254480712334e-05,0.0075479998185681765,1.7121093
99520,0.25,1.2628013072918387e-05,0.008353768032079576,2.0982
99584,0.25,1.1892724314838626e-05,0.008569947620069688,1.6101295
99648,0.25,1.750902122397809e-05,0.009497669209671685,1.6376786
99712,0.25,2.2536773232717522e-05,0.009391606099480825,1.6157428
99776,0.25,4.9574830781744116e-05,0.018763745573571626,1.6141285
99840,0.25,2.367892862136974e-05,0.009177124923227847,1.6593475
99904,0.25,1.130552373725831e-05,0.006495224427240575,1.778909
99968,0.25,2.2528833008056175e-05,0.009822339715700743,1.8395503
100032,0.25,2.101057522027689e-05,0.009137263555412577,1.7835714
100096,0.25,1.2588735242088634e-05,0.006353063389676398,1.815011
100160,0.25,2.763757757412623e-05,0.006544284254243869,1.6224629
100224,0.25,0.00011590616107313989,0.009893278994906721,1.6637071
100288,0.25,8.75754209353921e-05,0.011627814099524108,1.7228013
100352,0.25,2.572779307443806e-05,0.007279100656397209,1.8987756
100416,0.25,4.447956051539995e-06,0.004492567505954095,1.7997236
100480,0.25,1.0685686125271353e-05,0.005198700052571026,1.7349098
100544,0.25,8.778101661842479e-06,0.005052894423495381,1.7694455
100608,0.25,1.799865674033478e-05,0.006441865405163825,1.4969044
100672,0.25,4.834072723586101e-05,0.0057025208636935715,1.9347351
100736,0.25,1.8655074677705212e-05,0.006250018130578273,1.6508087
100800,0.25,1.0930292084821762e-05,0.003754746590211515,1.9915649
100864,0.25,3.3215242979219915e-05,0.01061009054495341,1.8106875
100928,0.25,3.0194973537054018e-05,0.007972235271728238,1.9137887
100992,0.25,8.148037334763642e-05,0.007941525720118539,1.9601482
101056,0.25,7.208705004611052e-06,0.0044995475809983965,1.876832
101120,0.25,2.45360621595155e-05,0.005401899370797085,1.9068751
101184,0.25,1.0371340449584696e-05,0.006550405974478468,1.8552306
101248,0.25,1.2613037944190829e-05,0.010755525063523673,1.9537051
101312,0.25,1.9958001870364413e-05,0.004682838104476049,1.6125648
101376,0.25,1.8545704528075388e-05,0.009431072439082535,1.5637584
101440,0.25,5.00811979229089e-05,0.006568933056290715,1.5049365
101504,0.25,9.94203442148571e-06,0.007840492473150919,1.5652847
101568,0.25,1.5320689143841e-05,0.009711249923154893,1.4811512
101632,0.25,1.1540629945579657e-05,0.015376848230678532,1.5252893
101696,0.25,1.5085715616645703e-05,0.006360340702055793,1.4087049
101760,0.25,2.2540338446778003e-05,0.009619413612367358,1.4957082
101824,0.25,3.1540694876362694e-05,0.00577728825445563,1.7970431
101888,0.25,1.4306265501504565e-05,0.008761767341354287,1.6866492
101952,0.25,2.2789667296754587e-05,0.017787500249658153,1.6064682
102016,0.25,1.17564468011046e-05,0.010793870593347148,1.712993
102080,0.25,8.495248916980091e-05,0.007668126422620356,1.7038175
102144,0.25,1.9682183662056855e-05,0.007129995583626711,1.6095579
102208,0.25,2.604250160643606e-05,0.00527369498096652,1.5662348
102272,0.25,2.516930100779482e-05,0.007720351718919917,1.5238987
102336,0.25,2.2046974357297948e-05,0.006794714053703599,1.5677943
102400,0.25,1.3010728054642694e-05,0.007509748934947622,1.4619306
102464,0.25,1.198140413729882e-05,0.006568399979270011,1.5933204
102528,0.25,1.8078985881057993e-05,0.008271986739241167,1.5484092
102592,0.25,4.4610676790017104e-05,0.007603470350455008,1.8166764
102656,0.25,8.583176908991792e-05,0.004695785365256692,1.9014684
102720,0.25,3.2634785677332356e-05,0.00957136478926027,1.8842583
102784,0.25,3.715776039406536e-05,0.00948795161564222,1.751442
102848,0.25,2.691344753720579e-05,0.006302297179623561,1.7702483
102912,0.25,1.625836640023229e-05,0.007537879179852282,1.6838901
102976,0.25,3.123643640264683e-05,0.0079843209298943,1.6184043
103040,0.25,3.8166136384671724e-05,0.006702257675544517,1.6286521
103104,0.25,4.1172946525152336e-05,0.007667578987679892,1.5952891
103168,0.25,3.083795893987079e-05,0.007415353846172277,1.5488716
103232,0.25,3.1485402487949396e-05,0.010112632072001715,1.5437802
103296,0.25,4.510118587400836e-05,0.008306178323576514,1.5115894
103360,0.25,5.822509501502946e-05,0.007640035350937818,1.7837088
103424,0.25,2.225230475989548e-05,0.010858453614100077,1.6925542
103488,0.25,8.539745667109772e-06,0.008613235907199182,1.5278604
103552,0.25,1.547171356629354e-05,0.005743270988607264,1.6103811
103616,0.25,4.41995183833617e-05,0.011550603477609006,1.5825119
103680,0.25,3.573911147426088e-05,0.011641508078183831,1.7059003
103744,0.25,1.703563317717153e-05,0.009914219353921838,1.6876818
103808,0.25,1.812399072660257e-05,0.006902219785688351,1.6838461
103872,0.25,2.325570022105378e-05,0.00957884020955423,1.559803
103936,0.25,9.113561464945923e-05,0.008258356701931391,1.5643189
104000,0.25,4.635267808353983e-05,0.013145958123974327,1.6858137
104064,0.25,1.5533354662394012e-05,0.00622166769102428,1.6455426
104128,0.25,2.5762128857649477e-05,0.007087303795445287,1.6839733
104192,0.25,4.699726264385211e-05,0.007195948523236355,1.5597147
104256,0.25,4.742716610967338e-05,0.008789754467955895,1.6605773
104320,0.25,1.3201578726253619e-05,0.005784727265635112,1.4647089
104384,0.25,3.5273329565513896e-05,0.008162330692021266,1.471165
104448,0.25,3.741553717115967e-05,0.011947197111890795,1.5379481
104512,0.25,1.2737053750201298e-05,0.006314003342134714,1.4573458
104576,0.25,1.990307879226258e-05,0.005446409784889438,1.4432477
104640,0.25,1.123808128640299e-05,0.004681932597536121,1.4268018
104704,0.25,2.3600439044874157e-05,0.006458578979151173,1.51322
104768,0.25,2.3803784545622294e-05,0.01107006204129992,1.6584522
104832,0.25,2.7851561121452994e-05,0.012387516563320091,1.4628195
104896,0.25,2.4141646268795574e-05,0.006102922735165272,1.4291879
104960,0.25,3.4282444071066074e-05,0.007094530114555166,1.4770075
105024,0.25,2.8679543621404173e-05,0.00555541581934847,1.3888819
105088,0.25,1.1213259178880867e-05,0.006719963053621383,1.5244926
105152,0.25,2.850401517337993e-05,0.007749582678849862,1.5343516
105216,0.25,1.401755492655768e-05,0.0049083979601641575,1.4967285
105280,0.25,2.2484097263127806e-05,0.007657554069691348,1.6877292
105344,0.25,1.0438380505608488e-05,0.008077865437577022,1.6713307
105408,0.25,1.7433798303499264e-05,0.0067142928870345,1.5716586
105472,0.25,1.1824131437258962e-05,0.006061413682147027,1.4853301
105536,0.25,2.5466740598916804e-05,0.005399569600200356,1.4918866
105600,0.25,1.7253110278415132e-05,0.004321836092292482,1.4469438
105664,0.25,1.9253126127187636e-05,0.008005075545060957,1.5738171
105728,0.25,7.59112293124121e-06,0.005435435994719257,1.4109217
105792,0.25,1.3597748302065075e-05,0.004575384829089756,1.4460099
105856,0.25,2.0065026874295004e-05,0.008033334350283845,1.4640968
105920,0.25,2.449039709240776e-05,0.007497518385631737,1.4189341
105984,0.25,1.9800192902442657e-05,0.010467572513679161,1.560419
106048,0.25,2.179815273208874e-05,0.007916767958232639,1.3578037
106112,0.25,3.0815077616927034e-05,0.007860543305906395,1.3997838
106176,0.25,2.0711660914226876e-05,0.007610651867571308,1.3209496
106240,0.25,8.441421973096979e-06,0.005426714882178322,1.31586
106304,0.25,6.982677715751967e-05,0.007728876229230334,1.3692015
106368,0.25,3.622945627395069e-05,0.006610531020465356,1.2966152
106432,0.25,1.6261166462455252e-05,0.0063404939472809126,1.4244016
106496,0.25,7.689602186932845e-06,0.0075895717974189284,1.4795977
106560,0.25,2.1895805260993462e-05,0.017048294330297763,1.4519497
106624,0.25,2.5048350302689174e-05,0.006408284342685028,1.4108038
106688,0.25,2.8962556168646526e-05,0.005959598239801827,1.3603388
106752,0.25,1.9918702292041255e-05,0.006132664546423174,1.2643148
106816,0.25,2.28479519494538e-05,0.009231872122757362,1.2656256
106880,0.25,4.746610926190813e-05,0.00925559810368188,1.3044826
106944,0.25,2.222115174766166e-05,0.007872150741361654,1.2696118
107008,0.25,5.398955828695458e-05,0.011558797159966359,1.4061403
107072,0.25,1.62000491065184e-05,0.008525912311678725,1.4125814
107136,0.25,8.827768867930574e-06,0.006540176274879969,1.444331
107200,0.25,4.479211974541767e-05,0.010937329446986502,1.4188018
107264,0.25,3.49456621699432e-05,0.008231426312010796,1.5709232
107328,0.25,2.2185206154823334e-05,0.008989303049287025,1.4984063
107392,0.25,2.9489859891141996e-05,0.006525048163559655,1.5189549
107456,0.25,1.348792364836418e-05,0.006298783929274373,2.2773278
107520,0.25,1.487992600356422e-05,0.010012294667469366,1.4211417
107584,0.25,3.208738262734522e-05,0.01258247552764912,1.4027873
107648,0.25,3.119105101193065e-05,0.008700360140915653,1.3986881
107712,0.25,2.224490401500045e-05,0.008875162086530691,1.446486
107776,0.25,4.968617681928879e-05,0.01187094735772026,1.40405
107840,0.25,0.00042594102095341185,0.02083540383192162,1.4084018
107904,0.25,1.910152719634851e-05,0.014574113886816842,1.4679267
107968,0.25,7.83752020175208e-06,0.0044720519979631786,1.4737175
108032,0.25,4.3532869403471506e-05,0.009492780803339975,1.3917023
108096,0.25,2.7342707979786477e-05,0.006695443278914905,1.4217551
108160,0.25,4.231436839815845e-05,0.008677319499646993,1.4659725
108224,0.25,3.276245122053184e-05,0.007760961936481502,1.3882904
108288,0.25,2.1143462835101554e-05,0.007257744058173127,1.334464
108352,0.25,1.8071828866855767e-05,0.004828464248431239,1.2961773
108416,0.25,2.808859846756357e-05,0.005251218431483882,1.3291429
108480,0.25,3.936767135631793e-05,0.0093042956564402,1.3904334
108544,0.25,4.787610294139664e-05,0.01233734826574214,1.437137
108608,0.25,1.4021889112043994e-05,0.008234306939980578,1.3761618
108672,0.25,2.2004301263621503e-05,0.006716374822422802,1.3562757
108736,0.25,2.3584935578517426e-05,0.00806161867203038,1.3473241
108800,0.25,1.5346591795251108e-05,0.005834293200313139,1.4139085
108864,0.25,5.379211750400804e-05,0.005422681939869165,1.3619894
108928,0.25,1.810516860495708e-05,0.007071464980889777,1.3369845
108992,0.25,3.625203813771592e-05,0.0048386403576141405,1.366625
109056,0.25,4.5339539821439374e-05,0.006249765042450094,1.3292146
109120,0.25,2.2729366358175664e-05,0.013233465206070095,1.3235471
109184,0.25,4.108864262419088e-05,0.011343572323963578,1.3509878
109248,0.25,2.094903720896457e-05,0.007845880114578062,1.354542
109312,0.25,5.7696913802278534e-05,0.009673601510427196,1.341831
109376,0.25,3.219395609295053e-05,0.006864937279114443,1.3241419
109440,0.25,3.0952605102146176e-05,0.006327338177216705,1.3935405
109504,0.25,1.4064906545165112e-05,0.003981153746808638,1.3977677
109568,0.25,1.2427819670486407e-05,0.006040259414143075,1.3771087
109632,0.25,3.905100172593668e-05,0.008390910125196724,1.977529
109696,0.25,1.659867491104859e-05,0.0070624429482853,1.7471018
109760,0.25,3.3889562980457026e-05,0.00504954708015158,1.6650451
109824,0.25,6.368581446616894e-05,0.011163215674840583,1.7717358
109888,0.25,4.164021869665585e-05,0.006623829626917302,1.9795591
109952,0.25,1.4446124537259401e-05,0.007594523723170539,1.7086606
110016,0.25,2.0558747415010473e-05,0.005454860942729329,1.638951
110080,0.25,2.050826536560184e-05,0.011257238698125248,1.6533824
110144,0.25,3.142105576849566e-05,0.010915478919324841,1.7122984
110208,0.25,2.9990619151791254e-05,0.011135970849698909,1.7543951
110272,0.25,5.165903890924639e-05,0.009992823333579167,1.8811986
110336,0.25,2.309829052073602e-05,0.00561504878937812,1.8198124
110400,0.25,1.623193979920792e-05,0.006946495629206298,1.7245426
110464,0.25,2.9264448249626758e-05,0.006456818079976357,1.87432
110528,0.25,5.8948703308670405e-06,0.005371527814845373,1.773319
110592,0.25,1.831431578263961e-05,0.0066938624947896755,1.6779859
110656,0.25,2.0294112172833907e-05,0.005721064508532101,1.5339849
110720,0.25,1.8995994273502276e-05,0.008042767680250716,1.3175341
110784,0.25,9.234997165039767e-05,0.009335033176831153,1.1698487
110848,0.25,2.0326847273968506e-05,0.007769717162208638,1.2674899
110912,0.25,2.2164835865723377e-05,0.012181845607986118,1.2595992
110976,0.25,4.1940749407523825e-05,0.006268767388326805,1.2250301
111040,0.25,0.0007546686438684169,0.01586518745072446,1.1818038
111104,0.25,0.0001358937811915135,0.023553988774355175,1.3176134
111168,0.25,8.33396582417564e-05,0.00862777444488887,1.3803504
111232,0.25,1.9033991904594816e-05,0.006801186785517237,1.3519672
111296,0.25,1.956464398457056e-05,0.005002180325062831,1.4104189
111360,0.25,1.4728707961875928e-05,0.006433739760043478,1.3888669
111424,0.25,7.785199653078465e-05,0.0068743228780436235,1.2419126
111488,0.25,6.791527255836164e-05,0.006177659056498308,1.2271705
111552,0.25,2.1246368629911396e-05,0.008564393137781377,1.2660476
111616,0.25,2.3260151723460568e-05,0.004040730003741569,1.343111
111680,0.25,4.6543061392646024e-05,0.0063453140981283,1.2320949
111744,0.25,2.865959656946124e-05,0.005316439926663284,1.2633324
111808,0.25,4.345671931103424e-05,0.00864939727820212,1.2915125
111872,0.25,4.7376671704698246e-05,0.01019386664466969,1.272593
111936,0.25,2.070771909718118e-05,0.006041123660230036,1.2576364
112000,0.25,2.642824791271563e-05,0.007055727824436597,1.2739108
112064,0.25,1.621535526811689e-05,0.005980160386032784,1.2684788
112128,0.25,2.0460722175276767e-05,0.00528315756487094,1.2332906
112192,0.25,1.735405854045504e-05,0.00557744430995852,1.278881
112256,0.25,3.258324322347352e-05,0.0056579909515759004,1.5840514
112320,0.25,4.230429371825989e-05,0.007641125291909281,1.4185803
112384,0.25,4.554535837204554e-05,0.006826065063256336,1.3914311
112448,0.25,9.678795934902479e-05,0.0054712552161118545,1.6495671
112512,0.25,1.5223353077066433e-05,0.004220096744357533,1.5110621
112576,0.25,6.1107036645283e-05,0.005982228096619352,1.50761
112640,0.25,4.835679384432508e-05,0.005803540040196153,1.4666126
112704,0.25,1.627823637172106e-05,0.005432507250769752,1.4115477
112768,0.25,1.363927754624683e-05,0.007408548299204389,1.4551463
112832,0.25,3.1903127017748766e-05,0.004903091156418083,1.5592241
112896,0.25,5.346886529015794e-05,0.007212591937157578,1.7856493
112960,0.25,4.5550784766132153e-05,0.006965216329362737,1.8352578
113024,0.25,2.8644741367644445e-05,0.004402717408689249,1.8214715
113088,0.25,2.532835270401964e-05,0.005114487037245859,1.8198946
113152,0.25,1.4258077633267998e-05,0.00499367322800162,1.749693
113216,0.25,2.0060635090863736e-05,0.006111670110860435,1.7743299
113280,0.25,3.531510833215258e-05,0.010250625605941421,1.9032698
113344,0.25,1.7109120130938866e-05,0.005563211489999862,1.6028098
113408,0.25,2.5630440232240053e-05,0.008232533666731812,1.6797885
113472,0.25,2.291438637122517e-05,0.0053761576497527,1.7034398
113536,0.25,2.4637171407480794e-05,0.009143787209077782,1.6098386
113600,0.25,3.573938292631131e-05,0.00799339784207703,1.5806023
113664,0.25,7.793601717888949e-05,0.007513678972885741,1.698218
113728,0.25,2.942929657624438e-05,0.011271660044113353,1.5985023
113792,0.25,3.1379018372748844e-05,0.01423223156258728,1.5503211
113856,0.25,4.989531229793916e-05,0.006185396468104253,1.5013074
113920,0.25,4.3934989549351636e-05,0.007456308814196427,1.4894135
113984,0.25,1.8003492107093733e-05,0.00608185226619766,1.6184162
114048,0.25,6.234963462861513e-05,0.0059242509530133035,1.5803437
114112,0.25,7.134763088237082e-05,0.008743546344963158,1.485685
114176,0.25,6.628470810231951e-05,0.005999035143933348,1.4830441
114240,0.25,9.700863094290684e-06,0.0047312687543352785,1.5434486
114304,0.25,1.4137967476455237e-05,0.006605316463046569,1.6798646
114368,0.25,8.01627185940646e-05,0.009791022437230066,1.6559579
114432,0.25,5.0278851869271936e-05,0.008958879666502193,1.9856007
114496,0.25,2.7978861639992573e-05,0.007902250473835346,1.7432766
114560,0.25,1.9519976411471805e-05,0.007819740317243744,1.6836609
114624,0.25,2.2369261017908475e-05,0.005422766304980628,1.6448908
114688,0.25,3.215788144912282e-05,0.0059040606066416675,1.5891324
114752,0.25,4.728760532613279e-05,0.00731818436670072,1.45742
114816,0.25,2.8846527666993383e-05,0.005596274964827095,1.4595053
114880,0.25,2.6432860627075357e-05,0.006748763055755404,1.7940065
114944,0.25,9.777664406584812e-05,0.009864744392276041,1.7352129
115008,0.25,3.2264996292218634e-05,0.00837874500351242,1.5611768
115072,0.25,4.9151088581520114e-05,0.006940378327919543,1.454998
115136,0.25,7.466006863553426e-05,0.007564752830899073,1.4406071
115200,0.25,0.0001307015114231486,0.009953024822958326,1.4407505
115264,0.25,2.0949635395548766e-05,0.009938588633084793,1.450318
115328,0.25,3.353534950900816e-05,0.007005599467206653,1.51291
115392,0.25,6.526895952987296e-05,0.0055147563136980285,1.5507919
115456,0.25,2.7837939770206524e-05,0.007833720652782102,1.5875509
115520,0.25,5.667999026269409e-05,0.0070822161797263975,1.5994297
115584,0.25,2.07403624856066e-05,0.005653083777514552,1.6217555
115648,0.25,2.3170257046232867e-05,0.0063758386496919105,1.6259176
115712,0.25,2.8241989431350317e-05,0.006276000636535156,1.5673943
115776,0.25,2.134245065042728e-05,0.005595556416296161,1.650708
115840,0.25,2.5297052846309e-05,0.011405304943221712,1.6428921
115904,0.25,2.078092067856904e-05,0.005961584623426797,1.6418008
115968,0.25,1.5276583873875268e-05,0.0052325932958787,2.117515
116032,0.25,4.6429292841518896e-05,0.008014148340899913,2.1829991
116096,0.25,6.460366033926285e-05,0.005992230518197845,1.8894751
116160,0.25,4.0768338710442174e-05,0.006935241952101078,1.3691356
116224,0.25,2.6671939576899444e-05,0.006965504295119426,1.4386227
116288,0.25,1.1786497682921467e-05,0.007009987285448496,1.4464465
116352,0.25,4.7434956873983566e-05,0.009225862520952895,1.3422089
116416,0.25,1.772839393324305e-05,0.006442350536130754,1.410713
116480,0.25,1.9106989719949282e-05,0.009734355987602585,1.5748751
116544,0.25,2.998266713542345e-05,0.012265155848820248,1.5007582
116608,0.25,2.758334866136395e-05,0.007858615763960313,1.5026392
116672,0.25,1.557304910152405e-05,0.005332080570801343,1.497851
116736,0.25,1.642205627516528e-05,0.005977717101979577,1.4419171
116800,0.25,6.388701542001592e-05,0.007113038024667649,1.4525108
116864,0.25,1.1342031474556144e-05,0.006084773906123765,1.4782801
116928,0.25,3.491468459201226e-05,0.006716335716093084,1.4022593
116992,0.25,1.1576629950742572e-05,0.006151264703394695,1.4510982
117056,0.25,7.504786935097485e-05,0.0055365957266312596,1.4501764
117120,0.25,1.988498197001004e-05,0.008849714679031144,1.4920707
117184,0.25,2.7005990387684708e-05,0.00783574818039463,1.4892356
117248,0.25,2.001543114172659e-05,0.00571413115484915,1.4366827
117312,0.25,9.31610135742611e-06,0.005882605585988978,1.4383249
117376,0.25,1.2351526441696392e-05,0.005993830283687884,1.5974097
117440,0.25,1.257362848947337e-05,0.006142411591171852,1.5879798
117504,0.25,2.2469117538858988e-05,0.006492795212390755,1.7477216
117568,0.25,2.4641476045608522e-05,0.0076340347455245245,1.6963679
117632,0.25,6.215629461691059e-05,0.0057526991706398686,1.6530446
117696,0.25,1.946589454504852e-05,0.004790508183098093,1.4245989
117760,0.25,5.325624487694392e-05,0.009805133653878096,1.4707618
117824,0.25,2.8577509599467467e-05,0.007359116209034525,1.5486904
117888,0.25,1.6117460997130035e-05,0.008163938030885111,1.5371968
117952,0.25,2.648791670297877e-05,0.00730165022380819,1.5580518
118016,0.25,2.8193063164039245e-05,0.006639716591445073,1.7222396
118080,0.25,2.9552247302650263e-05,0.006943967514937953,1.4066845
118144,0.25,6.325606773238175e-05,0.005119356485695818,1.3989853
118208,0.25,1.8541363663634424e-05,0.0072119375567055955,1.4204664
118272,0.25,5.079804967903214e-05,0.0060510933785621135,1.4441117
118336,0.25,0.00010346425609868556,0.005793052121759233,1.4657061
118400,0.25,8.477100744611014e-05,0.006604935231355298,1.4658552
118464,0.25,2.3116696075937863e-05,0.007313402892057337,1.5593745
118528,0.25,2.9553126478805886e-05,0.004023924406980175,1.4695952
118592,0.25,1.3511576363970988e-05,0.004342461732500928,1.4510912
118656,0.25,1.908366184211761e-05,0.0036406989924751827,1.3517658
118720,0.25,6.165345310133335e-06,0.012633214209563641,1.3410889
118784,0.25,1.9730503582101514e-05,0.008450987659429093,1.3944455
118848,0.25,1.2076065883457045e-05,0.008568271515454884,1.3402356
118912,0.25,3.3154762778682646e-05,0.006132625926717013,1.3754164
118976,0.25,0.00017435252089242448,0.006932850468981836,1.4235015
119040,0.25,6.715846732158107e-05,0.006790815000083239,1.6804531
119104,0.25,2.3795905824612145e-05,0.012289749020204186,1.6483418
119168,0.25,3.717858931805823e-05,0.007743914756407176,1.6053288
119232,0.25,7.49542789305254e-05,0.009043936706284735,1.6944766
119296,0.25,2.0066306864674205e-05,0.007931219382555948,1.7163763
119360,0.25,3.445637402669739e-05,0.008326554594372548,1.5895118
119424,0.25,4.9634844406821917e-05,0.007159206193646427,1.4579523
119488,0.25,4.011772557295975e-05,0.009964123369547885,1.3681204
119552,0.25,4.674425637349023e-05,0.008668629136048416,1.3560692
119616,0.25,5.40774808769978e-05,0.011522118101887703,1.7796919
119680,0.25,3.055187821079988e-05,0.009576583581690126,1.6751745
119744,0.25,3.357588426822211e-05,0.00728148693326569,1.667853
119808,0.25,3.8271075713377645e-05,0.008279949993352742,1.5972826
119872,0.25,2.40979040786194e-05,0.005615542788781999,1.4978454
119936,0.25,1.8817714114905704e-05,0.00841673088904041,1.4510169
120000,0.25,4.4347151895672256e-05,0.009880290532948095,1.4723786
120064,0.25,2.626110190832402e-05,0.005795114063598333,1.5418991
120128,0.25,4.618274503650118e-05,0.00850057032009834,1.4962406
120192,0.25,1.609892435370392e-05,0.004960744656453027,1.5060159
120256,0.25,0.00010998396055886684,0.006211144411501302,1.480338
120320,0.25,2.8507770257513164e-05,0.006951412682860598,1.6894604
120384,0.25,1.8824456339040203e-05,0.005904355165664432,1.6074226
120448,0.25,2.3135480596610954e-05,0.00513577384753891,1.6317937
120512,0.25,1.9342571138730723e-05,0.004502407116838308,1.6536041
120576,0.25,2.834679801744716e-05,0.006658592366822793,1.6341397
120640,0.25,7.706262745299097e-06,0.004322052042010366,1.6382005
120704,0.25,4.9088369766536585e-05,0.009800600632650733,1.6023864
120768,0.25,1.4655806395088726e-05,0.006242670496939877,1.3870461
120832,0.25,6.691382776290377e-05,0.004708177734090005,1.4747795
120896,0.25,6.711789667742418e-05,0.0049528430447519384,1.4978719
120960,0.25,3.903943042376982e-05,0.007228524941775013,1.6135967
121024,0.25,1.8036362056708038e-05,0.006327891223019473,1.4208797
121088,0.25,1.907537338887845e-05,0.006206140943838935,1.5907941
121152,0.25,1.613473056087372e-05,0.008012340978479613,1.6891727
121216,0.25,3.7333625881397006e-05,0.005266555071248672,1.5655131
121280,0.25,1.628540546894356e-05,0.005594599954505974,1.890084
121344,0.25,1.621169827728913e-05,0.006359545327419806,1.5211318
121408,0.25,7.86840997223971e-05,0.008274728104398946,1.3956922
121472,0.25,5.018055135396662e-05,0.016087849919338294,1.5592421
121536,0.25,3.676426434545768e-05,0.01157715370218118,1.7045578
121600,0.25,2.9541557011044687e-05,0.008720065407491605,1.4909589
121664,0.25,4.943386560771201e-05,0.008567796111382189,1.3867427
121728,0.25,4.407297118170667e-05,0.0064165547666013975,1.3900862
121792,0.25,7.821723600864286e-05,0.0076977989053373256,1.5531995
121856,0.25,1.3434821076222482e-05,0.00705878463912004,1.4801688
121920,0.25,4.3090366450378874e-05,0.010477928044096526,1.4194411
121984,0.25,1.5786325266031917e-05,0.006636345827560483,1.4023011
122048,0.25,2.5461410939380942e-05,0.006285863246666909,1.4054527
122112,0.25,2.851431401263464e-05,0.008885175424039238,1.4041848
122176,0.25,3.7879541770140354e-05,0.00938423282457205,1.4178776
122240,0.25,1.5180619212660519e-05,0.004483155979501956,1.4126194
122304,0.25,1.9767255376464308e-05,0.008270215165020413,1.379501
122368,0.25,1.2593887076123213e-05,0.013920197779340577,1.374261
122432,0.25,2.9868447090859322e-05,0.00672773946521502,1.4023528
122496,0.25,3.549622883255426e-05,0.008595817854928588,1.3347548
122560,0.25,5.514502890963906e-05,0.008257668146966525,1.326896
122624,0.25,2.672106713446693e-05,0.007108748717491781,1.3304119
122688,0.25,4.822296761437739e-05,0.007898052228496039,1.37724
122752,0.25,2.1920461960548072e-05,0.007845015212318928,1.4933964
122816,0.25,1.5907818780409886e-05,0.006169591894907415,1.287185
122880,0.25,1.5556320874299256e-05,0.005613951029961966,1.291003
122944,0.25,5.7215824745759575e-05,0.008436704237397894,1.2439531
123008,0.25,2.046969972128998e-05,0.004907848519820366,1.2560856
123072,0.25,1.4762992480404511e-05,0.004859590019382423,1.3009855
123136,0.25,9.330860342301443e-06,0.007125890373940146,1.2563264
123200,0.25,8.511639872257118e-05,0.006654324902373438,1.2800593
123264,0.25,2.7522329004678005e-05,0.0145524314395693,1.2651666
123328,0.25,4.116041488787695e-05,0.009216222142659119,1.2839684
123392,0.25,1.3325416945473551e-05,0.007693393139505283,1.2960287
123456,0.25,2.2644847843350437e-05,0.009396286687069684,1.2570783
123520,0.25,4.4825759482794206e-05,0.013712133966633837,1.2946594
123584,0.25,2.802137060405297e-05,0.007843949580725543,1.8123431
123648,0.25,3.733474324642854e-05,0.005475219102451182,1.6971413
123712,0.25,8.931021310029652e-05,0.007238337946964179,1.6747618
123776,0.25,2.106274616070726e-05,0.00760035745918981,1.4603324
123840,0.25,1.9449474826181503e-05,0.011949247995906909,1.4188015
123904,0.25,2.453499740019274e-05,0.008203837765615708,1.3551043
123968,0.25,2.660788354115405e-05,0.007039346512915946,1.3670247
124032,0.25,8.558842223377063e-05,0.008994089262593517,1.3791564
124096,0.25,4.3270388166551294e-05,0.010875746693426785,1.309038
124160,0.25,1.3688192210039126e-05,0.008404137763141199,1.312464
124224,0.25,2.7648254742766002e-05,0.006047978689807023,1.3301408
124288,0.25,4.258100171245191e-05,0.010818950193348633,1.3593
124352,0.25,7.132567718851967e-05,0.011446770987319622,1.3437078
124416,0.25,2.5901460383775778e-05,0.0091452149460439,1.3372289
124480,0.25,2.6545775771577e-05,0.011181038830688503,1.3005267
124544,0.25,6.911717894013906e-05,0.010159414247763024,1.3022088
124608,0.25,2.9729640754306584e-05,0.012039475286727087,1.3563268
124672,0.25,2.7414605884113682e-05,0.010069085634620088,1.3169054
124736,0.25,3.36096368696622e-05,0.008916887589113074,1.2871385
124800,0.25,2.6273337882452903e-05,0.006036364959835528,1.4852494
124864,0.25,2.0355069716539485e-05,0.006126807110102564,1.6676033
124928,0.25,4.1317716252697104e-05,0.009446869509650473,1.5117776
124992,0.25,2.732027650014268e-05,0.009317551563841531,1.5951719
125056,0.25,4.924120569948029e-05,0.006007673736752745,1.4548626
125120,0.25,2.5384202598094754e-05,0.008712503563047088,1.4581927
125184,0.25,1.3161301182388182e-05,0.010529653267251195,1.424137
125248,0.25,1.8613955024116002e-05,0.008620978077846576,1.4388579
125312,0.25,0.00011619775724140338,0.013498239611869547,1.4694873
125376,0.25,3.82760454889904e-05,0.010328165512763393,1.5621381
125440,0.25,5.498679728372377e-05,0.009183460238781341,1.4815074
125504,0.25,1.3273341461683686e-05,0.010635579417151417,1.4647994
125568,0.25,1.6220402105876584e-05,0.008778348553598764,1.5744505
125632,0.25,3.7039724369585076e-05,0.008741025603983177,1.4876953
125696,0.25,1.7484715760889137e-05,0.006391135460086714,1.5004623
125760,0.25,3.496414551942054e-05,0.012487683818068765,1.4745948
125824,0.25,1.524929252018767e-05,0.009079726120712344,1.6400415
125888,0.25,4.63803440021269e-05,0.008093805791127583,1.6748044
125952,0.25,2.9533367743861394e-05,0.015371278026437032,1.5329937
126016,0.25,4.279516038685156e-05,0.014730803090452365,1.4113224
126080,0.25,3.752238563967299e-05,0.008833644881024874,1.8111135
126144,0.25,1.022988173764767e-05,0.007450660029231126,1.7800814
126208,0.25,3.0191544709385114e-05,0.017542611632025296,1.5716769
126272,0.25,1.9808527673255176e-05,0.006268024097065508,1.4993652
126336,0.25,2.4995077300876153e-05,0.01388897890302501,1.4658738
126400,0.25,1.1303589463574447e-05,0.005711544828234695,1.4686751
126464,0.25,4.963767021495892e-05,0.009647607832301881,1.5602614
126528,0.25,1.3428351419705021e-05,0.009751539452453788,1.6299858
126592,0.25,2.1844126522109805e-05,0.0076798813852686386,1.6244373
126656,0.25,1.9517142577862856e-05,0.00800638875102001,1.6582291
126720,0.25,3.5528094945525166e-05,0.014568012828864661,1.751606
126784,0.25,2.324082882609879e-05,0.010098756996421444,1.6194026
126848,0.25,5.288323192484031e-05,0.013753206904031862,1.7552058
126912,0.25,4.187639723752765e-05,0.007503186752118961,1.5997053
126976,0.25,9.09481927366785e-05,0.012690891649888847,1.6140264
127040,0.25,1.3714351775103346e-05,0.008880376767724777,1.4672202
127104,0.25,3.770092638754964e-05,0.010980336928142648,1.4800503
127168,0.25,6.923316969355233e-05,0.0077026944209166075,1.4657359
127232,0.25,2.306950569415312e-05,0.018193871854472982,1.4963459
127296,0.25,6.660615433631053e-05,0.010603770314102017,1.4740657
127360,0.25,2.8897688343779547e-05,0.008626754621701718,2.0282001
127424,0.25,3.569440941746475e-05,0.012077431564098393,1.9582969
127488,0.25,4.135532486814498e-05,0.007011023564827343,1.7988845
127552,0.25,2.5216778773631314e-05,0.00956938540308407,1.9542285
127616,0.25,3.2615691787100815e-05,0.02003353278271546,1.9226674
127680,0.25,3.197332759451749e-05,0.012094225327584219,1.865031
127744,0.25,4.10583963786984e-05,0.012875196425753748,1.8178325
127808,0.25,2.4561028359865872e-05,0.009413366861068159,1.7682569
127872,0.25,2.24239232226833e-05,0.012400393689535594,1.7560645
127936,0.25,1.759998202954463e-05,0.008367625668570801,1.7907662
128000,0.25,0.00013475332893898203,0.015393953397436957,1.8014201
128064,0.25,5.2485439108032816e-05,0.013965625961760965,1.6348895
128128,0.25,5.659212770967399e-05,0.011948505044923799,1.6400057
128192,0.25,3.702243702738545e-05,0.010202739695287222,1.6287851
128256,0.25,1.8001690149012835e-05,0.008326378024736321,1.719785
128320,0.25,2.3410706550036015e-05,0.008069938283068217,1.6141838
128384,0.25,7.817726278598848e-05,0.006527904415790069,1.6910083
128448,0.25,4.6803344675506295e-05,0.010232640469388212,1.7807964
128512,0.25,2.2298310122740997e-05,0.01972068587700711,1.5623988
128576,0.25,1.8989622176563285e-05,0.010015384126812797,1.5683385
128640,0.25,2.312745991913551e-05,0.006787223197810075,1.7755146
128704,0.25,1.6444797024912405e-05,0.008076466500884344,1.7304671
128768,0.25,2.938250395618474e-05,0.009117085055517076,1.7627388
128832,0.25,0.00010873588261791439,0.013845387444192473,1.7326069
128896,0.25,3.063663350754312e-05,0.010535855389613642,1.6008587
128960,0.25,4.1085265570594945e-05,0.011638764401580917,1.5843165
129024,0.25,3.0679497510277545e-05,0.015298039839270867,1.5264131
129088,0.25,1.7509951902802904e-05,0.01034173213038745,1.6844006
129152,0.25,1.321292192414845e-05,0.015103370768854632,1.6131865
129216,0.25,1.7086856024818896e-05,0.011565021015537408,1.854022
129280,0.25,3.620641575726667e-05,0.008124075952924798,1.5858082
129344,0.25,0.00011191969543206752,0.01702814034761356,1.5896947
129408,0.25,7.151867227685161e-05,0.009812615209481715,1.6444033
129472,0.25,2.1963440873218994e-05,0.007266833935380289,1.5656654
129536,0.25,1.603567486681936e-05,0.005371409584941523,1.6231567
129600,0.25,2.1720110312900553e-05,0.010315296418144203,1.5920684
129664,0.25,0.00013386223168863266,0.010290616797578468,1.6762077
129728,0.25,2.5381197542159117e-05,0.012605485128806413,1.658899
129792,0.25,2.0757735335288907e-05,0.006397529920445459,1.563608
129856,0.25,4.1899789644436705e-05,0.009205314446617766,1.5403173
129920,0.25,2.8349701330011856e-05,0.012221456976429845,1.6474079
129984,0.25,2.498302557629728e-05,0.01125656926412535,1.6279116
130048,0.25,2.7502048981185737e-05,0.009700193347371896,1.6198819
130112,0.25,4.479168178414049e-05,0.013209215370070753,1.6731638
130176,0.25,7.072146605650578e-05,0.013547823252100024,1.6452972
130240,0.25,2.1654525063347997e-05,0.011370600383228624,1.7487612
130304,0.25,4.100709328535383e-05,0.010864780115496658,1.5839865
130368,0.25,2.7943125282181568e-05,0.01381742997315527,1.4848683
130432,0.25,3.9368868535086895e-05,0.013841779428406937,1.490046
130496,0.25,1.8871300016481347e-05,0.014660598631704843,1.7097003
130560,0.25,2.156265573532549e-05,0.006634485267676912,1.4694737
130624,0.25,1.6331023014690912e-05,0.010291032275135859,1.5114837
130688,0.25,4.313709371126005e-05,0.011637925852074587,1.4961684
130752,0.25,7.506421729790566e-05,0.01890082527566982,1.5609473
130816,0.25,2.8746733889014767e-05,0.007575336792716606,1.6505593
130880,0.25,4.731797342401888e-05,0.01230327306595727,1.6127709
130944,0.25,2.0379173956965795e-05,0.007001400706608521,1.7920107
131008,0.25,2.8028912951035235e-05,0.007089129990075308,1.6246071
131072,0.25,2.0871603377102128e-05,0.008759404161988185,1.7892405
131136,0.25,5.0506130137646015e-05,0.011606390367256648,1.8325742
131200,0.25,2.404873067470466e-05,0.009953095750924023,1.7690407
131264,0.25,3.8636976773458924e-05,0.009267553100453747,1.7676965
131328,0.25,2.2907860312419458e-05,0.005984486016779726,2.0320785
131392,0.25,2.982438830156179e-05,0.007813550580157038,1.6899014
131456,0.25,4.991115536078105e-05,0.01008482561664177,1.601355
131520,0.25,2.3932275524447415e-05,0.009680317239662574,1.5170164
131584,0.25,8.32357927465395e-05,0.009878812306515217,1.6118828
131648,0.25,5.121120872061032e-05,0.007227123304558896,1.7334197
131712,0.25,3.391315347184981e-05,0.011200582912468952,1.7003951
131776,0.25,0.00012092866551236025,0.020586830868452373,1.7203752
131840,0.25,4.519358878148385e-05,0.015200387888007016,1.9716086
131904,0.25,3.756270506566888e-05,0.015328268078008125,2.3647707
131968,0.25,7.454739756110039e-05,0.012738166652370443,1.9687486
132032,0.25,0.00014047485085612812,0.013180476472277203,2.0337794
132096,0.25,4.085523380238461e-05,0.013271792665696249,1.7840211
132160,0.25,9.612887279918828e-05,0.009923439495096883,1.8905935
132224,0.25,2.880777473199975e-05,0.00906867122899802,1.9803474
132288,0.25,1.958225392987307e-05,0.007877082669965414,2.376939
132352,0.25,7.568288788596353e-05,0.01605648254380154,2.2079837
132416,0.25,5.9708264237840015e-05,0.02048712591440381,2.0674994
132480,0.25,1.7146702222493558e-05,0.009814346616330455,1.9275674
132544,0.25,1.6124408988780787e-05,0.00843307419128541,2.0386927
132608,0.25,5.6054366713479586e-05,0.011687588369280032,2.235093
132672,0.25,2.9586125663475385e-05,0.0105263389212385,2.1522863
132736,0.25,8.497673100508335e-05,0.017398856790042598,2.0521417
132800,0.25,4.341259815048015e-05,0.011484937004736724,1.8107196
132864,0.25,7.059422474139008e-05,0.008671631049998785,1.8894881
132928,0.25,4.034511967716219e-05,0.006372075600330674,1.762793
132992,0.25,5.5728795485065866e-05,0.016991997386059762,1.9718461
133056,0.25,2.9630077964932242e-05,0.010098256435272396,1.9800736
133120,0.25,3.713771320305535e-05,0.007651759454614092,1.9991482
133184,0.25,2.2275289308906553e-05,0.007481240562383373,1.941518
133248,0.25,2.2599047788337047e-05,0.006709301421110688,2.168695
133312,0.25,2.2669043896647862e-05,0.010863306717546881,2.439462
133376,0.25,3.243254537260172e-05,0.0156386869335942,2.1166942
133440,0.25,1.9339586504575997e-05,0.009883565014456318,1.7462951
133504,0.25,2.2174519200627666e-05,0.012813261636183005,1.9011571
133568,0.25,1.972098339790376e-05,0.01046598128452498,1.6718109
133632,0.25,1.2498991279132088e-05,0.006995427796492098,2.0144086
133696,0.25,3.7758654484127355e-05,0.010953665463807254,1.9399894
133760,0.25,4.100860792178985e-05,0.014912984141058322,1.8326476
133824,0.25,2.8316089286157204e-05,0.010534715288089734,1.8415278
133888,0.25,8.562075500700395e-05,0.013671070927052872,1.6598736
133952,0.25,3.353024171559582e-05,0.017462248039902407,1.6193064
134016,0.25,2.4336084186908508e-05,0.009263201447057388,1.7334744
134080,0.25,2.2745193091862615e-05,0.008673509858096349,1.7522649
134144,0.25,2.5068811779731842e-05,0.011463054159375267,1.764165
134208,0.25,2.7239101400119175e-05,0.013329768626051798,1.7509013
134272,0.25,8.28710949270268e-05,0.013490054598563997,1.7688528
134336,0.25,2.9289683934320477e-05,0.011671725954388564,1.6658732
134400,0.25,2.079628568684622e-05,0.009535828156348,1.6371632
134464,0.25,3.718420796733346e-05,0.01105733521901314,1.6133684
134528,0.25,4.885135126875273e-05,0.012988348424561886,1.575749
134592,0.25,3.42961458940403e-05,0.013149265274852566,1.6237671
134656,0.25,5.498339039952627e-05,0.011112409368320584,1.9009324
134720,0.25,2.2880270336589348e-05,0.008764520157344927,1.7764555
134784,0.25,1.1562188804623276e-05,0.006299157847718343,1.8138331
134848,0.25,3.97354952356355e-05,0.01279845595050278,1.7892965
134912,0.25,2.2091937936254203e-05,0.012457505096929956,1.7445669
134976,0.25,5.3998415736238885e-05,0.014144178722371094,1.6964515
135040,0.25,2.9229719853470846e-05,0.008993198446234018,1.5410811
135104,0.25,7.734034238052293e-05,0.011658109334100733,1.55466
135168,0.25,3.217623728437762e-05,0.009599069981164573,1.5298533
135232,0.25,3.754056267775e-05,0.012568977300928867,1.65889
135296,0.25,3.6351061256490675e-05,0.01298807212625852,1.6954509
135360,0.25,6.0370783552064906e-05,0.009176130217940273,1.9347206
135424,0.25,2.982013597110653e-05,0.014471608040155952,1.6409527
135488,0.25,3.2646838043633626e-05,0.013737528981026429,1.8450007
135552,0.25,4.209681641614757e-05,0.012048693995634506,1.8502489
135616,0.25,2.9648279765599438e-05,0.009680063979266457,1.6075696
135680,0.25,4.186915244011975e-05,0.015343008118669657,1.5868657
135744,0.25,2.393686405354182e-05,0.013250399250986597,1.5817522
135808,0.25,3.4570796408941923e-05,0.012908237088113466,1.5214354
135872,0.25,0.0002995739427536434,0.013685205873420814,1.8027693
135936,0.25,3.8565720660603974e-05,0.012446536706946914,1.8861533
136000,0.25,1.9821191972334597e-05,0.008045670347477302,1.8092906
136064,0.25,4.93238641083749e-05,0.008848845586537257,1.6556855
136128,0.25,3.2465223367542095e-05,0.010070034086864837,1.6075897
136192,0.25,8.534678558680216e-05,0.010189821330891049,1.5178887
136256,0.25,2.442460314102668e-05,0.009517753100764602,1.4915301
136320,0.25,2.354600178669508e-05,0.007233062560270316,1.4981352
136384,0.25,1.6815864495038947e-05,0.007817848665010528,1.6895511
136448,0.25,1.7205509490989815e-05,0.007670915004178598,1.6807781
136512,0.25,3.14012540097116e-05,0.008998408093020618,1.7257313
136576,0.25,4.037793037679259e-05,0.016076379209052635,1.5162398
136640,0.25,6.93456542702829e-05,0.010170184922597234,1.7228731
136704,0.25,6.848348938206337e-05,0.005904944826908342,1.6486365
136768,0.25,2.3452201049245362e-05,0.007349827706623741,1.7208767
136832,0.25,1.6099013172936232e-05,0.0072673546467084795,1.5896821
136896,0.25,1.6985429678466016e-05,0.0072701677277247365,1.6009424
136960,0.25,3.400734439587322e-05,0.01263670462549684,1.5119834
137024,0.25,5.0533441209654056e-05,0.008915486322413922,1.4600186
137088,0.25,2.972232193210189e-05,0.01036452141511377,2.4229615
137152,0.25,2.2887668204417443e-05,0.01239751042920797,2.2419598
137216,0.25,2.0659532805258263e-05,0.0050390654544249505,2.2999945
137280,0.25,3.4412857305582246e-05,0.009014823467953391,2.121487
137344,0.25,3.411158865228117e-05,0.0076374766593001716,2.044764
137408,0.25,1.6998013972172837e-05,0.006942837307475655,2.1729841
137472,0.25,7.719832808028928e-05,0.01390689979172297,1.8613738
137536,0.25,2.8250417850849986e-05,0.010335225759945055,1.9539185
137600,0.25,2.0831884327794513e-05,0.010006188947477858,1.801434
137664,0.25,3.172820468961834e-05,0.009129475075336305,1.7597767
137728,0.25,1.974291234368338e-05,0.0119036723023495,1.8295922
137792,0.25,1.6731942583909226e-05,0.005921994664549559,1.8726571
137856,0.25,1.8443752770867473e-05,0.00580398721115407,1.5719566
137920,0.25,2.4827540421534652e-05,0.009772889266014823,1.4788165
137984,0.25,1.9956331030522767e-05,0.005440076665065494,1.4132789
138048,0.25,1.830642410015972e-05,0.010428144827146059,1.405167
138112,0.25,2.8284608987567042e-05,0.00778143101423725,1.4872437
138176,0.25,5.1164785997149595e-05,0.008617055984092509,1.4507334
138240,0.25,2.7579867791693493e-05,0.0070091208112880304,1.4090066
138304,0.25,5.157053222257862e-05,0.01076118630582772,1.413262
138368,0.25,6.970398556361089e-05,0.013641533027156667,1.653083
138432,0.25,2.7099155985484125e-05,0.01109280894903548,2.2261374
138496,0.25,1.9960870493454e-05,0.011305159763349448,1.8879788
138560,0.25,4.0268513425731144e-05,0.009627397599771728,2.0715852
138624,0.25,3.1942806749123526e-05,0.005032789137644576,1.3647503
138688,0.25,1.3040076142448152e-05,0.008010344682999626,1.3367817
138752,0.25,2.3323393927651746e-05,0.009315592995985932,1.367589
138816,0.25,1.0765021662761248e-05,0.007413987286107741,1.4391466
138880,0.25,1.578152942176013e-05,0.006085269852121515,1.4108922
138944,0.25,2.0068623552282547e-05,0.008062980581553662,1.3816814
139008,0.25,4.2775320454032474e-05,0.007929276860296031,1.378743
139072,0.25,4.546749139140223e-05,0.01122241197010672,1.516507
139136,0.25,4.834036277242795e-05,0.012688086941253044,1.4233493
139200,0.25,1.7029389018140806e-05,0.007246647087886388,1.3381703
139264,0.25,2.189572844638487e-05,0.00659619075961568,1.3993554
139328,0.25,1.3735427406611308e-05,0.010275360510607881,1.3706424
139392,0.25,4.706978969861757e-05,0.007006588340826749,1.342522
139456,0.25,1.899750693446088e-05,0.009830077142361377,1.3464377
139520,0.25,3.159369749822054e-05,0.011008079867209319,1.4438032
139584,0.25,2.02356003658434e-05,0.012895033952358154,1.3807425
139648,0.25,1.2020150451324391e-05,0.006837062621920999,1.5257853
139712,0.25,2.5920065111887045e-05,0.008928200533526302,1.3215615
139776,0.25,8.536080948323204e-05,0.00708962514269383,1.8657985
139840,0.25,4.855382549136597e-05,0.010660594486279632,1.7382274
139904,0.25,2.344350359237915e-05,0.010807283518769289,1.5614873
139968,0.25,3.747297326338078e-05,0.011366709544790876,1.43305
140032,0.25,7.041418273935672e-05,0.0124384259615373,1.4922631
140096,0.25,1.999125956879105e-05,0.011118445144982473,1.4994421
140160,0.25,2.4002420211326074e-05,0.007414747041397855,1.7444061
140224,0.25,1.2631076806132204e-05,0.00717259300664301,1.6426362
140288,0.25,1.2212993112681292e-05,0.007091671592338575,1.600304
140352,0.25,6.34232207874249e-05,0.010589033560777065,1.4294963
140416,0.25,9.977217464717887e-06,0.008297538346828077,1.535533
140480,0.25,1.8089805302264213e-05,0.013306196372376584,1.5261207
140544,0.25,1.4283797866607918e-05,0.010389643568961637,1.4343551
140608,0.25,2.4462711162025957e-05,0.01095989185780861,1.4309088
140672,0.25,1.8884258878989393e-05,0.006917315577500946,1.4590676
140736,0.25,3.2433215732554975e-05,0.0121386895952462,1.5405453
140800,0.25,2.263069197575824e-05,0.010969422713293585,1.4881629
140864,0.25,3.156191659877735e-05,0.009100912257869194,1.5803077
140928,0.25,4.212870269176742e-05,0.0105666681557007,1.7150688
140992,0.25,1.949342599104179e-05,0.01152012619407833,1.7635535
141056,0.25,2.5661805080307562e-05,0.009140518407627106,1.4564431
141120,0.25,1.7069045985946146e-05,0.006604733796889993,1.3627276
141184,0.25,2.7725764117476795e-05,0.012709431393885686,1.4357318
141248,0.25,4.5131583865604734e-05,0.012175144909270264,1.4645101
141312,0.25,3.44201963488539e-05,0.012064647585242198,1.5155618
141376,0.25,5.2400144135799114e-05,0.007494498010557667,1.3522619
141440,0.25,1.4881374796002402e-05,0.01037513829395765,1.3966702
141504,0.25,2.402427706876026e-05,0.011345197562243566,1.3594419
141568,0.25,2.0718092835723494e-05,0.008642500840256685,1.5091221
141632,0.25,2.6786809524026186e-05,0.011572460460270452,1.302328
141696,0.25,3.4735530168956126e-05,0.009256693609819166,1.4356916
141760,0.25,1.3480455942521093e-05,0.0080767864277325,1.3428936
141824,0.25,3.964310090144408e-05,0.008184817707923654,1.3392595
141888,0.25,2.9805671133092033e-05,0.019739451747412942,1.5256792
141952,0.25,2.933721246793701e-05,0.00839906121159477,1.6365263
142016,0.25,6.493031591467822e-05,0.00930285618068745,1.5283186
142080,0.25,2.5446491778423617e-05,0.01081383145176288,1.6981403
142144,0.25,2.2843787670360232e-05,0.008093939791701393,1.5778126
142208,0.25,5.6342373429622094e-05,0.008137101659061055,1.5283867
142272,0.25,2.0462616807772276e-05,0.00948694604885677,1.4940784
142336,0.25,2.4965932640394315e-05,0.008535766000344742,1.4929138
142400,0.25,3.608019490046384e-05,0.01112171332874214,1.3799502
142464,0.25,8.138698714564253e-06,0.009319886924441445,1.9097883
142528,0.25,2.8065362755964315e-05,0.021733397483489045,1.3610413
142592,0.25,1.3342271344897923e-05,0.008711812443094786,1.6574042
142656,0.25,3.497454614388742e-05,0.014183599722619612,1.7243559
142720,0.25,3.688448704756699e-05,0.009732175489920109,1.6586211
142784,0.25,2.1670645834699933e-05,0.009088804565798594,1.6886796
142848,0.25,1.458614905790252e-05,0.008448595739486094,1.4120682
142912,0.25,3.1447551317033075e-05,0.011347918871965554,1.3832753
142976,0.25,8.55115502018349e-05,0.02311904162583819,1.4176483
143040,0.25,2.6323798033829122e-05,0.012809714197434268,1.4390312
143104,0.25,1.817104582188786e-05,0.010433922099499534,1.4189432
143168,0.25,2.702838726104296e-05,0.00833919525198253,1.7678615
143232,0.25,3.901323893597455e-05,0.007932561223579174,1.6218455
143296,0.25,3.4893879544537584e-05,0.009333844297259326,1.6107937
143360,0.25,2.6022783728897683e-05,0.007535233505193626,1.5796589
143424,0.25,5.8341519844885016e-05,0.017491565797977237,1.5268561
143488,0.25,6.329044991088163e-05,0.011921199213817972,1.6122274
143552,0.25,6.2200233264628e-05,0.011149690481985022,2.128197
143616,0.25,3.1795783775981315e-05,0.0116795866227088,1.6594851
143680,0.25,2.0824555112108962e-05,0.008662058526910217,1.6386505
143744,0.25,1.2868377807644583e-05,0.008517192477544022,1.5159466
143808,0.25,3.639684472145355e-05,0.010555328822653856,2.0896196
143872,0.25,2.1224795577322343e-05,0.008116892910657003,2.0042849
143936,0.25,7.017100778079892e-05,0.015625195522431374,2.3441226
144000,0.25,2.52994390192523e-05,0.00974800243449209,2.3267527
144064,0.25,2.3804550285846937e-05,0.009786235416954569,1.9588199
144128,0.25,6.450680999801617e-05,0.008527664444919843,1.8948635
144192,0.25,3.186586434629014e-05,0.00849855441026993,1.9395169
144256,0.25,2.3127059418141503e-05,0.00940107034755001,1.9347849
144320,0.25,1.8053080952493625e-05,0.008290991064324087,2.032151
144384,0.25,2.783667075401368e-05,0.015202587671434705,1.9410988
144448,0.25,2.1983092568225586e-05,0.013059201654335412,1.8792223
144512,0.25,3.4674107414907136e-05,0.010919033412986225,1.8191243
144576,0.25,3.717118471103059e-05,0.012440114096134477,1.8866938
144640,0.25,3.402958501390528e-05,0.014093844917602983,1.7103974
144704,0.25,3.741049784016199e-05,0.011003781703937177,1.6366788
144768,0.25,0.0004803030045163372,0.058815245080559186,1.6595398
144832,0.25,4.687232048373365e-05,0.04265035055941385,1.6895698
144896,0.25,1.9480169435659086e-05,0.009116393373826364,1.7381818
144960,0.25,3.02317757826573e-05,0.008154893590314932,1.8170058
145024,0.25,2.7187043422434603e-05,0.008517955571029377,1.8305074
145088,0.25,4.375549021009226e-05,0.01336180398411982,1.6949483
145152,0.25,2.3901644413888913e-05,0.012964128149078364,1.6949452
145216,0.25,2.7363616690453863e-05,0.00815652311345242,1.5503424
145280,0.25,4.493819665196385e-05,0.008653492643338536,1.5076232
145344,0.25,2.9634648374715633e-05,0.010902082688331859,1.7638224
145408,0.25,3.1593494116077394e-05,0.008273170543727303,1.4389205
145472,0.25,0.00012471091434587873,0.013143082880430064,1.4023143
145536,0.25,6.79060488419344e-05,0.014715591405420354,1.5879835
145600,0.25,6.309613860911418e-05,0.011638065333054715,1.3637801
145664,0.25,2.4438228811548066e-05,0.009853776769825517,1.451679
145728,0.25,4.361159352188734e-05,0.013360480472580476,1.5199858
145792,0.25,3.210378171497402e-05,0.013146443250461425,1.4886556
145856,0.25,3.340205855779767e-05,0.009388648215573453,1.412881
145920,0.25,6.721811048264536e-05,0.011780572284172066,1.3535143
145984,0.25,8.154185260422938e-05,0.018833599109713405,1.4238535
146048,0.25,5.849778647880913e-05,0.00959216363865073,1.6233118
146112,0.25,4.014666766071577e-05,0.015688266140450793,1.4687865
146176,0.25,4.575118837652128e-05,0.009971169275482713,1.513503
146240,0.25,8.986731876978054e-05,0.011039813011192865,1.4634008
146304,0.25,2.978178848037229e-05,0.009086408193405818,1.4562192
146368,0.25,5.903768848088594e-05,0.006700377772894499,1.6275988
146432,0.25,3.380731255702293e-05,0.012670210005079332,1.4115999
146496,0.25,2.5984116410641567e-05,0.013275535293854116,1.4622362
146560,0.25,2.345718175502982e-05,0.010582312172711,1.7146267
146624,0.25,3.6266657678557097e-05,0.010320445211533826,1.6079077
146688,0.25,3.9390234939825516e-05,0.012399223336011624,1.4669821
146752,0.25,4.6134021250388665e-05,0.008976979260108268,1.4777348
146816,0.25,3.6290624698927705e-05,0.014421485864817741,1.488099
146880,0.25,5.1008727601005233e-05,0.020896247284633063,1.6473323
146944,0.25,6.021000961918223e-05,0.01650185265996015,1.7679447
147008,0.25,4.342201071095841e-05,0.013263796641780378,1.5631117
147072,0.25,0.00013263517257554357,0.01571189290882098,1.4067745
147136,0.25,5.8750796232389285e-05,0.029945792116421895,1.3799328
147200,0.25,0.00011014729098448583,0.021983028522509218,1.458541
147264,0.25,4.137105385425492e-05,0.025133493394626494,1.6212759
147328,0.25,3.6025962407212255e-05,0.013355154012756098,1.4697775
147392,0.25,1.2928970691755119e-05,0.011548864711313313,1.394318
147456,0.25,8.897889335836785e-05,0.009722249202302129,1.2832311
147520,0.25,6.0030704963787974e-05,0.012979661210981767,1.3036977
147584,0.25,3.43681077643097e-05,0.014875976789852521,1.294145
147648,0.25,4.267641383792101e-05,0.012924234267758038,1.3340012
147712,0.25,4.1615499237694974e-05,0.016402317229807457,1.4610488
147776,0.25,2.106269459179275e-05,0.014856140890547855,1.4366109
147840,0.25,3.09090891975279e-05,0.018956707166102975,1.5283034
147904,0.25,6.16719154112305e-05,0.016940144395089028,1.4530523
147968,0.25,1.726717102220717e-05,0.012362573451161908,1.383001
148032,0.25,2.1246551162321318e-05,0.008985876138189665,1.4039576
148096,0.25,3.7662656899941784e-05,0.015822594509696544,1.4308827
148160,0.25,2.7893167920929852e-05,0.01402099088241086,1.3945516
148224,0.25,2.1736437755622468e-05,0.017250080133305503,1.5527023
148288,0.25,4.6051903680997244e-05,0.021277051817185352,1.4637321
148352,0.25,4.815767350394063e-05,0.010546422346923889,1.7258983
148416,0.25,1.3592592983201004e-05,0.01125835063881268,1.4787892
148480,0.25,2.9563003608493463e-05,0.011044622086175411,1.5316287
148544,0.25,5.736928652759385e-05,0.018824035288445902,1.446832
148608,0.25,4.0568796486818044e-05,0.02390585118583341,1.5531214
148672,0.25,5.2879369998766874e-05,0.012937630459637148,1.7398986
148736,0.25,3.138826308964792e-05,0.01384012705865668,1.4191071
148800,0.25,5.823788021903427e-05,0.011618490703100663,1.69621
148864,0.25,7.908869669901742e-05,0.016855128882362572,1.5576781
148928,0.25,4.897985189697374e-05,0.020330386794601293,1.7853628
148992,0.25,1.7785979633333736e-05,0.010819068411499745,1.7332181
149056,0.25,2.8019649877984184e-05,0.01235003915255962,1.6653707
149120,0.25,2.704621969046124e-05,0.009442700048708948,1.578642
149184,0.25,7.529551016209954e-05,0.012717284886955105,1.5805566
149248,0.25,5.015406150612898e-05,0.012957262224326156,1.5876731
149312,0.25,3.7327118982074386e-05,0.014624048110753279,1.4639397
149376,0.25,3.293969318122096e-05,0.012371581053581753,1.4576838
149440,0.25,3.804703673564516e-05,0.007410834163254334,1.521372
149504,0.25,3.956818201331476e-05,0.010825364577925675,1.3837638
149568,0.25,2.3813595416616318e-05,0.01100029627267305,1.5579056
149632,0.25,2.9384158688160914e-05,0.015757334330147626,1.4779572
149696,0.25,0.00014603142291731572,0.02028011794340514,1.5424405
149760,0.25,2.5373955477119658e-05,0.00943471946741559,1.6950784
149824,0.25,4.474771550396687e-05,0.012406468338042058,1.6694955
149888,0.25,2.894606858574237e-05,0.013046841069042569,1.7704797
149952,0.25,1.5643801432401866e-05,0.007246277870457599,1.5669402
150016,0.25,2.372978686244013e-05,0.011295518183590205,1.4681227
150080,0.25,1.3281425508388248e-05,0.005856063071857939,1.7609125
150144,0.25,3.500246235208962e-05,0.010360708995675955,1.4702181
150208,0.25,2.1340411325706713e-05,0.00957789278877351,1.4874997
150272,0.25,2.3304808233265843e-05,0.00929674947269637,1.470508
150336,0.25,3.1336960549191584e-05,0.017261308612580073,1.6922736
150400,0.25,1.968271341493722e-05,0.017722575475657792,1.6669384
150464,0.25,4.088966834562889e-05,0.007148624414129579,1.7959534
150528,0.25,1.1567441344020879e-05,0.011661917262389835,1.796417
150592,0.25,2.724710531017406e-05,0.011725097453451032,1.818827
150656,0.25,2.2691342808677678e-05,0.012260298930941547,1.7370799
150720,0.25,9.07704379687804e-06,0.01157811693763668,2.032994
150784,0.25,7.8754381360467e-06,0.007125498131832973,1.708743
150848,0.25,1.84021571294562e-05,0.010688122010042147,1.7367262
150912,0.25,4.0531550864074186e-05,0.01214500552388673,1.6245393
150976,0.25,2.3386867069111876e-05,0.009763270653977781,1.6170838
151040,0.25,2.615637001911653e-05,0.011782103012112629,2.3014941
151104,0.25,4.631329046179283e-05,0.016571075325148604,1.5588245
151168,0.25,1.8606478487059874e-05,0.011004242310473061,1.4187291
151232,0.25,2.089463832127922e-05,0.007265043422984665,1.6639928
151296,0.25,8.312102956875104e-06,0.008670490750187512,1.5283535
151360,0.25,2.4823080339343694e-05,0.00930918492990553,1.66716
151424,0.25,4.0890033897618995e-05,0.027908192610710564,1.3962151
151488,0.25,5.172535321959706e-05,0.012099439104016927,1.4584348
151552,0.25,1.156920002370887e-05,0.01057442006208622,1.4928898
151616,0.25,2.1989752023077067e-05,0.010642210948990196,1.4866539
151680,0.25,1.8200069118802355e-05,0.008879012898521825,1.4839517
151744,0.25,2.0397331768346097e-05,0.010489274062249422,1.470592
151808,0.25,9.35847318907656e-06,0.01620387042804535,1.4463724
151872,0.25,2.4409665225507322e-05,0.007965927951713681,1.5805156
151936,0.25,2.3575251913383576e-05,0.013919197922811204,1.5166516
152000,0.25,2.3064616105065245e-05,0.0139908663826049,1.6164485
152064,0.25,4.433747962228661e-05,0.008311603381677949,1.576508
152128,0.25,1.841557942314131e-05,0.009826036210236422,1.5476458
152192,0.25,2.129041445641895e-05,0.007478129417452751,1.6379286
152256,0.25,1.4576139848779044e-05,0.016363936976475205,1.7263153
152320,0.25,3.39104514604052e-05,0.013945543305230271,1.6115805
152384,0.25,3.801423726901458e-05,0.01259337933920635,1.6551008
152448,0.25,2.194679792729173e-05,0.007831033106713108,1.6035672
152512,0.25,1.2147731844366905e-05,0.0085017990290362,1.6726748
152576,0.25,1.064848978606723e-05,0.00534883004106567,1.6315757
152640,0.25,4.513634410501467e-05,0.01633681753965124,1.534379
152704,0.25,2.3002183158205014e-05,0.015064984130495323,1.5482396
152768,0.25,1.8429659538169812e-05,0.007920877564419188,1.4466805
152832,0.25,2.9879911098663938e-05,0.006768273778282902,1.3539861
152896,0.25,2.3008798556210477e-05,0.011346938345027315,1.5365399
152960,0.25,3.8367514097708835e-05,0.014378789601603194,1.5073109
153024,0.25,1.7171813952948836e-05,0.01159325953174754,1.6892227
153088,0.25,2.9096080718338064e-05,0.012552297201144298,1.7792928
153152,0.25,2.839894626184905e-05,0.01845538384288034,1.7088131
153216,0.25,2.4885442391371396e-05,0.014817655053598206,1.7063627
153280,0.25,7.719397401142547e-06,0.011459770475084532,1.6961398
153344,0.25,3.88171583778431e-05,0.00937298465294995,1.7520267
153408,0.25,1.305425751176037e-05,0.008141948845188292,1.7260718
153472,0.25,1.2859376351766315e-05,0.01365522521909215,1.6423849
153536,0.25,1.9179815729782713e-05,0.013225018035923648,1.6276997
153600,0.25,1.925581890315147e-05,0.010657565208660605,2.3155985
153664,0.25,2.2629857509647643e-05,0.009418883156686902,1.8763788
153728,0.25,1.4516739485131095e-05,0.009935717139928656,1.7343254
153792,0.25,2.9878287934221937e-05,0.023369674544056935,1.6996934
153856,0.25,2.4241863617254547e-05,0.009090910594936063,1.7193618
153920,0.25,2.080693377886078e-05,0.015329713912185768,1.8162011
153984,0.25,1.7141294727584325e-05,0.01335392735767894,1.7554185
154048,0.25,3.2966762620277884e-05,0.012859158127680776,1.8292508
154112,0.25,0.00012021454982802214,0.008383443848109524,1.6513568
154176,0.25,1.6677328850467354e-05,0.01600857064621796,1.6306297
154240,0.25,3.4176279216285854e-05,0.013683918153675386,1.7759532
154304,0.25,3.1719657268787396e-05,0.011959712335500618,1.6004411
154368,0.25,2.2052261425907294e-05,0.015021900593146311,1.6350527
154432,0.25,2.6449038732176307e-05,0.009810371939602271,1.838702
154496,0.25,0.00010020772643534237,0.009875653970131272,1.556355
154560,0.25,2.0997009128791885e-05,0.014565254652416012,1.715308
154624,0.25,2.083283805967293e-05,0.007981510220095122,1.6067384
154688,0.25,4.041904333849226e-05,0.013934834885226115,1.7978411
154752,0.25,2.7312284955606822e-05,0.016535421244737263,1.6041929
154816,0.25,2.9003649471122848e-05,0.0128153188215932,2.0076575
154880,0.25,1.32602213864675e-05,0.008551324146558358,1.6544453
154944,0.25,1.322578845318077e-05,0.01475197042650081,1.6617132
155008,0.25,3.290890155968194e-05,0.006644485477684705,1.7529788
155072,0.25,2.0825819462309626e-05,0.014339041455379006,1.8834443
155136,0.25,2.8570444956129565e-05,0.01194331648982063,1.7058731
155200,0.25,9.641164107530533e-06,0.01055589719122055,1.6031197
155264,0.25,4.367565087595488e-05,0.007935364026147633,1.9649854
155328,0.25,4.374928182748761e-05,0.014887897774616922,1.8992122
155392,0.25,1.4875191300410778e-05,0.010830338955090843,1.9158465
155456,0.25,2.7793324769265435e-05,0.007406704513773891,2.0983512
155520,0.25,5.415502412604982e-05,0.009848680351682508,1.8979155
155584,0.25,5.2975938416351015e-05,0.019803630997509154,1.6395407
155648,0.25,1.4977301209199729e-05,0.010522933392649692,1.8655518
155712,0.25,4.824394389341032e-05,0.017661488177895927,1.8099544
155776,0.25,6.0854001945823265e-06,0.011435652700887762,1.7515912
155840,0.25,1.627781367705384e-05,0.011301291630250286,1.8389183
155904,0.25,1.5721989045216177e-05,0.010304349107813523,1.7538533
155968,0.25,2.0255804752022933e-05,0.007887141532454192,1.6852704
156032,0.25,6.892979629535094e-05,0.012746005356694982,1.7181584
156096,0.25,3.73105146462549e-05,0.02143646241596268,1.8645473
156160,0.25,2.4080053422842572e-05,0.009483615817295017,2.0095747
156224,0.25,2.5817834087137666e-05,0.01127751830712128,2.064065
156288,0.25,2.3898329406681833e-05,0.01348037531564201,1.9763864
156352,0.25,1.1484588515255248e-05,0.006008172779234273,1.9139606
156416,0.25,1.732301602694978e-05,0.006683399258032117,1.8208276
156480,0.25,3.475475322347422e-05,0.009185276661755873,1.7740211
156544,0.25,2.586524034738292e-05,0.012642242145131447,1.6850514
156608,0.25,0.0001104365864748047,0.01370847790971137,1.7810253
156672,0.25,5.527973195466884e-06,0.007436196188308624,1.6454757
156736,0.25,4.701025705310372e-05,0.013227390080345574,1.5540419
156800,0.25,3.16342050153239e-05,0.012277651941767638,1.8088087
156864,0.25,2.020969877219094e-05,0.013634408282319524,1.7122549
156928,0.25,4.7571174542630304e-05,0.014825359667416934,1.6304425
156992,0.25,4.930193526411148e-05,0.009284074257898641,1.732715
157056,0.25,1.1349006059885818e-05,0.009669373754215484,1.6774405
157120,0.25,1.9806711785707784e-05,0.013058572646377364,1.716766
157184,0.25,6.491598997438678e-05,0.014365143448076538,1.7844537
157248,0.25,8.747753545964684e-05,0.01149583810481607,1.7103572
157312,0.25,3.065908373842873e-05,0.015472691541068815,1.9235612
157376,0.25,2.882814946211488e-05,0.011390680578297485,1.7933272
157440,0.25,2.8933033211127796e-05,0.012119628640818662,2.4756422
157504,0.25,6.304286937737953e-05,0.0159529919584151,2.4628787
157568,0.25,4.1506788411666436e-05,0.009687710234698867,1.8084271
157632,0.25,7.973728670011187e-05,0.013779725478762472,1.8284278
157696,0.25,1.9950986234931745e-05,0.011404128728118601,1.6945056
157760,0.25,9.227708680854307e-06,0.00817591110638033,1.6447712
157824,0.25,3.17762916423735e-05,0.013424654571280253,1.83988
157888,0.25,2.5376412287126967e-05,0.009422982950140641,1.7431891
157952,0.25,5.961835642868011e-05,0.00744488404839638,1.6240311
158016,0.25,2.971229515821279e-05,0.013733474405775718,1.5686861
158080,0.25,3.0228570047576826e-05,0.006771099446566058,1.5786841
158144,0.25,8.872536101519594e-05,0.009949811925244589,1.6702976
158208,0.25,3.8455286421899826e-05,0.018521401496040455,1.6378522
158272,0.25,4.7752097379598186e-05,0.020371541486583357,1.6021332
158336,0.25,1.882924090727712e-05,0.014488004775867723,1.6927048
158400,0.25,3.0260477430243548e-05,0.006710245451120595,1.7751329
158464,0.25,8.3766420266653e-05,0.006307530430265231,1.7235905
158528,0.25,2.5352657461319162e-05,0.01079816525658402,1.674748
158592,0.25,6.0583817954354536e-05,0.00820034779570135,1.8656679
158656,0.25,1.466136907650739e-05,0.014119730505343733,1.7190237
158720,0.25,2.474163702372426e-05,0.009214055311640861,1.7957252
158784,0.25,3.28029643538044e-05,0.011244757418262393,1.8665593
158848,0.25,3.164032791520285e-05,0.008157966900298675,1.7068033
158912,0.25,1.466228109465271e-05,0.006905539074108598,1.8780571
158976,0.25,2.042647192414775e-05,0.013287035959631264,1.7970438
159040,0.25,4.59773555390646e-05,0.008617212617867204,1.8052515
159104,0.25,0.0001566703803855596,0.014713502556596201,1.8332554
159168,0.25,2.9230108842929342e-05,0.013789736738439199,1.804122
159232,0.25,2.5823205489876322e-05,0.010443958506564505,1.9180034
159296,0.25,1.9520919349470175e-05,0.01679481738639349,1.9701077
159360,0.25,2.0891246414571948e-05,0.012641746730483901,1.9427
159424,0.25,3.072434110073509e-05,0.009337812303576476,1.7505118
159488,0.25,1.711335764257614e-05,0.008131669270696114,1.8649883
159552,0.25,2.9008789152000343e-05,0.012547705479080325,1.9242513
159616,0.25,1.6010447672011302e-05,0.007341052214534881,1.9476128
159680,0.25,3.161396728578586e-05,0.015782962743354483,1.9011064
159744,0.25,3.8426966610962924e-05,0.00849734484039016,1.8443819
159808,0.25,2.6503702490008195e-05,0.012227077387171676,1.800136
159872,0.25,9.887295834492342e-06,0.01097021368615943,1.905027
159936,0.25,1.9762921315315263e-05,0.01256944491092235,2.0923362
160000,0.25,2.3161737615996654e-05,0.007417957888624555,1.8754708
160064,0.25,2.0837539432341566e-05,0.01784906754818494,2.8430548
160128,0.25,4.0239775260696106e-05,0.01580895580064142,2.0977304
160192,0.25,2.5071933296256787e-05,0.010368998935614533,1.9489578
160256,0.25,2.5400265276170392e-05,0.01270063346425402,2.0576954
160320,0.25,2.8887870536140515e-05,0.012040689602778864,1.9069371
160384,0.25,4.218993100633319e-05,0.011363623671424116,1.8286952
160448,0.25,2.4239750736636044e-05,0.009574655721432982,1.8600957
160512,0.25,1.826848215938621e-05,0.012285706329074738,2.08951
160576,0.25,1.3638444332152827e-05,0.013643157935349173,1.8405858
160640,0.25,2.207978510350748e-05,0.01075650017490883,1.7449692
160704,0.25,2.9305799737387098e-05,0.013990516929831385,1.9254218
160768,0.25,2.8661669116188697e-05,0.011025829226931391,1.9720607
160832,0.25,4.368205245104224e-05,0.013956550938803755,2.228571
160896,0.25,7.597909915053953e-05,0.01642253555501713,2.2171497
160960,0.25,2.1801990926155886e-05,0.012384091247586281,2.313658
161024,0.25,3.31897110001134e-05,0.01257834603048127,2.2283936
161088,0.25,1.1825124535313471e-05,0.009918490211665121,2.250511
161152,0.25,2.911436872429689e-05,0.013429827977617517,2.275741
161216,0.25,5.0930688402171396e-05,0.01575327424574862,2.2392569
161280,0.25,4.501093119076549e-05,0.01071122650279329,1.9857734
161344,0.25,1.4042857117649446e-05,0.0060874513921195285,2.1458375
161408,0.25,1.307042926367366e-05,0.007095088303588155,2.0049798
161472,0.25,4.317056833133548e-05,0.00989142996743367,1.9431161
161536,0.25,1.0307940987078465e-05,0.011179168892795797,1.8904481
161600,0.25,2.1152455897081974e-05,0.01607866221516843,1.9811589
161664,0.25,0.0008208763907348816,0.03335027811707077,2.095174
161728,0.25,4.521939071526147e-05,0.019646314519204486,1.922588
161792,0.25,1.8635188459381788e-05,0.009364070880789319,1.9416254
161856,0.25,5.811067925509496e-05,0.020359707001190858,1.8652893
161920,0.25,3.393655915215254e-05,0.014754132100299333,2.0514576
161984,0.25,5.825799967644838e-05,0.0151754040544973,1.8019732
162048,0.25,4.4403826495587744e-05,0.01752176909548273,1.7730118
162112,0.25,0.0006264788955279264,0.025357547319462385,1.6776212
162176,0.25,9.66120279419901e-05,0.014293233459337858,1.6332321
162240,0.25,2.8685105253472666e-05,0.01254187623861844,1.6237776
162304,0.25,1.2759811331398249e-05,0.007754523789214537,1.5904477
162368,0.25,6.470158713276713e-05,0.014382746790684284,1.5242343
162432,0.25,3.8806109689433596e-05,0.020173598996697524,1.541346
162496,0.25,1.47571495234119e-05,0.011648110105381129,1.6090877
162560,0.25,3.964781161158726e-05,0.015025718198662814,1.8154713
162624,0.25,1.6863643567141288e-05,0.009550362777950445,2.0428135
162688,0.25,2.4036369581349646e-05,0.007478246560788774,2.1027377
162752,0.25,3.4389965215820544e-05,0.010935926001770584,2.0701618
162816,0.25,1.612471928110447e-05,0.0090813917331123,1.9679449
162880,0.25,5.481002187722792e-05,0.011282337313600723,1.8455769
162944,0.25,6.751387538725131e-05,0.012747522342069446,1.9612776
163008,0.25,1.0546670564076184e-05,0.007923802776206414,1.7289383
163072,0.25,3.821836913751894e-05,0.00875710671769607,2.50271
163136,0.25,5.854758249367282e-05,0.016523020184446832,1.9246657
163200,0.25,2.5166457797455776e-05,0.007601372682826674,1.7349669
163264,0.25,3.0249100254084448e-05,0.009940991062048456,1.7697214
163328,0.25,2.733058586351308e-05,0.009752656289677968,1.973486
163392,0.25,3.274754790807217e-05,0.013158775054116315,1.9468955
163456,0.25,2.5330517506518893e-05,0.015560808990327312,2.006297
163520,0.25,2.018797660990273e-05,0.011530798181208321,1.9182621
163584,0.25,5.0668407728399895e-05,0.013473366797043935,1.7441475
163648,0.25,1.8570180741113296e-05,0.008634214559171386,1.9487299
163712,0.25,3.683073351744213e-05,0.016814056667040906,1.7868998
163776,0.25,3.64959759702786e-05,0.012037006522398168,1.8124012
163840,0.25,4.7108599416173235e-05,0.011864536064710754,1.697883
163904,0.25,6.297943011529263e-05,0.013371106286562724,1.7408297
163968,0.25,7.87199588089617e-05,0.014969852817254315,1.7691352
164032,0.25,1.5447968899439876e-05,0.012045637939061379,1.9292454
164096,0.25,3.041749040979073e-05,0.014197345183284325,1.6158501
164160,0.25,1.5528944384996675e-05,0.008196277396735396,1.615985
164224,0.25,2.2811763539726575e-05,0.008795012346999911,1.7956516
164288,0.25,3.209927568356684e-05,0.01002782762456475,1.6542462
164352,0.25,2.1874322592039525e-05,0.009309955932943302,1.6933547
164416,0.25,3.3747610913048475e-05,0.008273585524509713,1.7495611
164480,0.25,3.1629402113461755e-05,0.017363210529551868,1.9108061
164544,0.25,7.084900533292205e-05,0.014834770692009449,1.786953
164608,0.25,3.0091126443438446e-05,0.007231721547166659,2.1547177
164672,0.25,9.00894906336537e-05,0.030302376048936142,2.4511654
164736,0.25,6.334315079379719e-05,0.012846450252892194,2.6879003
164800,0.25,3.5360452417036085e-05,0.014214428682513904,2.4383838
164864,0.25,3.1781549609854555e-05,0.011543773779894113,1.9456545
164928,0.25,2.0071020180552645e-05,0.008644331430448855,1.7098937
164992,0.25,2.6903635694382177e-05,0.015440960916358326,2.0292778
165056,0.25,4.5032719625678896e-05,0.012145547725269414,2.0241833
165120,0.25,2.1163627749714753e-05,0.011849262515414958,2.139231
165184,0.25,2.9047925347528733e-05,0.006138336252410693,2.0637183
165248,0.25,5.1631393504241494e-05,0.01631827250492557,1.9255313
165312,0.25,3.088407473446631e-05,0.011040095623037042,1.9778969
165376,0.25,4.251633077780786e-05,0.015463203341144696,2.5480103
165440,0.25,2.500741287859339e-05,0.01354957533831729,2.0553753
165504,0.25,2.567173312737821e-05,0.017872305406015965,1.9955013
165568,0.25,5.7673812500205843e-05,0.01206391569407554,1.798868
165632,0.25,2.4363876615892808e-05,0.015293798707888094,1.6998506
165696,0.25,2.797619329797868e-05,0.012681761902614438,2.1997721
165760,0.25,2.3011630874852342e-05,0.009048097856114103,2.314141
165824,0.25,3.1843136329316095e-05,0.009354891492293451,2.49182
165888,0.25,2.4672362223140205e-05,0.011725573977643467,1.866772
165952,0.25,0.00012426823746263785,0.014407278737797565,1.8511755
166016,0.25,3.64295092968333e-05,0.011007865943594363,1.6217126
166080,0.25,9.649078970093043e-05,0.01140481845165009,1.6310518
166144,0.25,5.032693463310919e-05,0.012101330909175319,1.6928883
166208,0.25,3.94283784003191e-05,0.011193703521130244,1.6300043
166272,0.25,3.434144371872536e-05,0.015964709131409432,1.6508602
166336,0.25,2.1397230251447898e-05,0.010984472143043747,1.5457157
166400,0.25,2.8977369340688584e-05,0.005631933247058003,1.7342012
166464,0.25,3.792268814172286e-05,0.007603504783068443,1.6760473
166528,0.25,8.917435719405818e-05,0.008004411859712913,1.8222021
166592,0.25,3.2456101655694315e-05,0.007074738550969527,2.0157962
166656,0.25,2.2344281259575076e-05,0.007325448942724683,1.8264811
166720,0.25,4.227437701588019e-05,0.011000981990919732,2.0772758
166784,0.25,3.1935171626921474e-05,0.007440424969014457,1.7870166
166848,0.25,2.9375617730045595e-05,0.009842956284911912,1.8090357
166912,0.25,2.122150601482819e-05,0.010048231289572614,1.917178
166976,0.25,0.00012066185190566945,0.010563986915742738,1.803336
167040,0.25,2.2351288607213608e-05,0.011512668881146106,1.8685306
167104,0.25,4.402380197466603e-05,0.010417348481060823,1.7396336
167168,0.25,9.556468680580396e-05,0.007277800389599965,1.8058724
167232,0.25,5.814051714615071e-05,0.007471886763663649,2.1581554
167296,0.25,3.907068795892747e-05,0.01149304654898744,1.7428035
167360,0.25,6.474418153080782e-05,0.01126941969438759,1.7434543
167424,0.25,1.3008714820341983e-05,0.00791499729193245,1.7714866
167488,0.25,1.715240176476431e-05,0.017215485739294958,1.7984807
167552,0.25,4.3817676662558855e-05,0.0093165151618252,1.7327938
167616,0.25,8.102283420023288e-05,0.01693678006841573,1.7599934
167680,0.25,3.265260714688939e-05,0.01485915262948573,1.8101624
167744,0.25,0.00010118365007797352,0.019501037583918607,1.6823013
167808,0.25,0.00011744274346498747,0.016554273390456852,1.6501557
167872,0.25,7.789847656608197e-05,0.021498344215493327,1.6733656
167936,0.25,6.295199310116368e-05,0.014713238163364081,1.6324843
168000,0.25,2.2499435662112766e-05,0.012159477555233647,1.6051061
168064,0.25,3.93358152263255e-05,0.011335378017991653,1.6387075
168128,0.25,4.070264189595915e-05,0.011647414080649968,1.7429315
168192,0.25,3.008335241947839e-05,0.007230850959081092,1.6732055
168256,0.25,3.306242633266111e-05,0.011390340287810014,1.5519488
168320,0.25,2.0777699628520375e-05,0.008736163147368983,1.5826974
168384,0.25,4.247616118715833e-05,0.01067562954758423,1.5896908
168448,0.25,4.3074968103645665e-05,0.010544790336949487,1.646336
168512,0.25,3.381070066072754e-05,0.014723354232666434,1.703114
168576,0.25,3.0448174951137003e-05,0.011336763159077732,1.8848336
168640,0.25,3.2972552215600126e-05,0.0068910176015057984,1.8721156
168704,0.25,4.4313171520085015e-05,0.008037588761248472,1.6941022
168768,0.25,5.5439638186152635e-05,0.008224109775256864,1.6005064
168832,0.25,1.8451671507497373e-05,0.011189157060656117,1.6720532
168896,0.25,2.2914304493236402e-05,0.01545936241219958,1.7585456
168960,0.25,3.0105195978529734e-05,0.010051963136582348,1.6296568
169024,0.25,4.7501600860233386e-05,0.008132319197610637,1.7089375
169088,0.25,3.463351020332346e-05,0.01658688476614258,1.8967042
169152,0.25,6.990280681118703e-05,0.008297959660365792,1.6233852
169216,0.25,1.9603547062008177e-05,0.00999208245519179,1.6213812
169280,0.25,2.9772666546808747e-05,0.012300507709864404,1.873484
169344,0.25,1.9610196475428487e-05,0.019110863162821817,1.9157578
169408,0.25,0.0001119834363533237,0.009817436618792107,1.8551093
169472,0.25,2.7412954145922263e-05,0.018475741740024237,1.7644888
169536,0.25,0.00011261272713766011,0.013098500144193547,1.7835479
169600,0.25,2.0135331326046144e-05,0.01219610157187371,1.73474
169664,0.25,2.760321943860881e-05,0.014776911347601403,2.1749547
169728,0.25,5.4774314097796425e-05,0.016807776082880765,1.837665
169792,0.25,4.7372768822620984e-05,0.017946454637703047,1.7690934
169856,0.25,4.3793317881505514e-05,0.015947754493086108,1.8032755
169920,0.25,3.9778190404671804e-05,0.024655743595179542,1.9047304
169984,0.25,2.9782255141752104e-05,0.017621274937657003,1.9594336
170048,0.25,4.5520751662754084e-05,0.0108793515602077,1.7583053
170112,0.25,4.051659129569654e-05,0.011659150294161875,1.7488228
170176,0.25,3.404062302056431e-05,0.016717976926350856,1.9406015
170240,0.25,9.68967432374377e-06,0.010050433649303124,1.8901381
170304,0.25,2.417854955599002e-05,0.014070381058745241,1.7384557
170368,0.25,0.0014603649911816186,0.019167132332853516,1.9786834
170432,0.25,7.922307280858881e-05,0.056824653975189196,1.9899402
170496,0.25,1.8066881816308876e-05,0.010417037265171944,2.0223026
170560,0.25,2.0851829900611937e-05,0.008871205351211525,2.1734068
170624,0.25,7.235521782268547e-05,0.007705465310707013,2.1470742
170688,0.25,3.396729869157957e-05,0.008266495625512297,2.04503
170752,0.25,4.2911997097513e-05,0.01422505109536656,1.9823464
170816,0.25,3.362863225979691e-05,0.014805830939141264,2.1168349
170880,0.25,6.177371416492619e-05,0.01206699282586349,2.1105285
170944,0.25,4.873334560871646e-05,0.00794869019550262,2.1012104
171008,0.25,6.618692449919742e-05,0.018672394683223927,2.045123
171072,0.25,2.0913208548749746e-05,0.013007927672153856,2.103694
171136,0.25,4.2308514706189334e-05,0.011081738015165689,2.119167
171200,0.25,6.900384533387295e-05,0.008018535824893366,2.132819
171264,0.25,6.720435041543762e-05,0.020868227696890673,2.149958
171328,0.25,6.810433996714634e-05,0.0134999448145164,2.129947
171392,0.25,3.93291262389879e-05,0.02080682223346704,2.1300569
171456,0.25,2.245146375402966e-05,0.017307723949223006,2.107163
171520,0.25,8.271825943697469e-05,0.017663527508125124,2.273529
171584,0.25,4.871768132301201e-05,0.013782920023287158,2.2546427
171648,0.25,9.336002114308282e-05,0.009437745536493349,1.9751613
171712,0.25,3.9715143359870736e-05,0.012061566494581283,2.392676
171776,0.25,4.44124948073216e-05,0.013094156314128308,2.0447361
171840,0.25,0.00011241333354624696,0.014565114621797898,2.0186381
171904,0.25,4.350592900724582e-05,0.013532402660516168,1.9660658
171968,0.25,6.409718135773806e-05,0.014999444437087948,1.8977484
172032,0.25,3.09316063196516e-05,0.011903343621002914,1.8431892
172096,0.25,8.097975687627996e-05,0.011545690807528302,1.8848765
172160,0.25,9.351746036066182e-06,0.010172367357093596,1.8687445
172224,0.25,8.969132093531851e-05,0.017192969272221015,2.2036307
172288,0.25,8.984767956065538e-05,0.014858312287578177,2.3731465
172352,0.25,4.920530471909939e-05,0.016906831302363007,2.1495862
172416,0.25,8.010400433990993e-05,0.01835717196921991,2.069611
172480,0.25,2.4520071742532988e-05,0.01279657877043455,1.9649122
172544,0.25,1.8698854692086127e-05,0.008512875049923584,2.1558518
172608,0.25,5.034012555939149e-05,0.011844116448907925,2.2624323
172672,0.25,6.22286872704985e-05,0.02115251082957715,2.464779
172736,0.25,5.0265882223454285e-05,0.0195877317579843,2.2003858
172800,0.25,1.9473068759353667e-05,0.014819293498670899,2.1003394
172864,0.25,2.8597066382230575e-05,0.01972212912978049,2.4512625
172928,0.25,2.5831659338282838e-05,0.011267626619667856,2.4008095
172992,0.25,4.668556978686057e-05,0.020921502503043227,2.3530533
173056,0.25,2.5426478343933257e-05,0.015127446641656111,2.2403748
173120,0.25,6.864497180087049e-05,0.022810389660316007,2.0756395
173184,0.25,6.476481258347137e-05,0.016265887339827097,2.0186865
173248,0.25,0.000590915378290605,0.03542290615766795,2.0870569
173312,0.25,7.799650321702174e-05,0.01379284946911769,2.1243544
173376,0.25,3.1578275841981914e-05,0.009952494160692696,2.1364262
173440,0.25,0.00010014914157470889,0.01213007730425853,2.0789561
173504,0.25,6.02875712434882e-05,0.025923337937302744,2.129271
173568,0.25,5.598833672652307e-05,0.011013597367688574,2.2906446
173632,0.25,4.522372013811987e-05,0.0117840369806173,2.2285073
173696,0.25,7.156170993799893e-05,0.010864603678214962,2.3572638
173760,0.25,5.616439335884623e-05,0.01804804100330733,2.2780254
173824,0.25,4.0314487515429665e-05,0.016139395485093744,2.24805
173888,0.25,3.557479768448637e-05,0.014657728480317073,2.2686257
173952,0.25,5.924480679046736e-05,0.011886703499279495,1.9499964
174016,0.25,4.26465232540871e-05,0.014218645806278834,2.1817558
174080,0.25,1.5592884835437843e-05,0.008903895472403356,2.1777434
174144,0.25,4.1772954949712235e-05,0.007068141545495054,2.1736822
174208,0.25,9.797089268917876e-05,0.015118697999037041,2.046445
174272,0.25,5.06171204857171e-05,0.013379135779617484,1.9814559
174336,0.25,7.145178210121896e-05,0.010928076465298012,1.7778875
174400,0.25,4.3564069160543874e-05,0.01640342746208637,1.8946397
174464,0.25,1.682034280029595e-05,0.013241507752382666,2.1014745
174528,0.25,6.036615066235553e-05,0.01720983417987163,1.8526447
174592,0.25,9.62696517351016e-05,0.013274965387813985,1.8408574
174656,0.25,7.152518942119888e-05,0.01596825711469214,1.7847773
174720,0.25,8.330987287687566e-05,0.015628749318661535,1.8475903
174784,0.25,4.859485207285339e-05,0.016498753366448148,1.7429738
174848,0.25,6.29101824241907e-05,0.017586572733294236,1.7757481
174912,0.25,1.8161551156667612e-05,0.009429039598674124,1.8686303
174976,0.25,1.9976856501378434e-05,0.010439633637401953,1.7214409
175040,0.25,6.183565161477605e-05,0.01446114600356681,1.8086977
175104,0.25,3.4031817866663886e-05,0.012552308578496154,1.8097236
175168,0.25,5.257020976494003e-05,0.015067090465581847,1.7969826
175232,0.25,2.8905183529083934e-05,0.013960639138160891,1.772858
175296,0.25,2.6454671231900643e-05,0.012045342429402068,1.7285553
175360,0.25,4.535093706307449e-05,0.01343876036278866,1.7253954
175424,0.25,2.40319196170388e-05,0.011026706506169725,1.6751618
175488,0.25,4.785129513525573e-05,0.012322191166578879,1.7587272
175552,0.25,9.003347635172233e-05,0.010780279571816574,1.8210973
175616,0.25,5.2138764925877564e-05,0.005941664017903021,2.1123319
175680,0.25,0.00011005220322642277,0.01111626815980456,2.0863373
175744,0.25,0.00012669331920839462,0.011777592039119655,1.994983
175808,0.25,2.4657306109152994e-05,0.010357271666032867,1.9224406
175872,0.25,4.490078484071987e-05,0.014487143159871199,1.820579
175936,0.25,2.4801586265173793e-05,0.010091006485403764,1.8126129
176000,0.25,3.380493261724782e-05,0.011249254773499268,1.8279995
176064,0.25,2.132447270314455e-05,0.008184164449147619,1.855425
176128,0.25,2.318705309026688e-05,0.013826531938808721,1.9441891
176192,0.25,3.200058127566482e-05,0.014182149863115024,1.7896413
176256,0.25,2.454370797630992e-05,0.010401538336232391,1.8052179
176320,0.25,7.96832189574412e-05,0.017083424935254957,1.8073152
176384,0.25,0.00010880536268629996,0.017499925849712522,1.8798847
176448,0.25,7.320156443591263e-05,0.01885048436460674,1.8270326
176512,0.25,0.00010838778614638741,0.013613018646653355,1.8184842
176576,0.25,4.169918201453528e-05,0.01805367722462238,1.7548343
176640,0.25,0.00012160229801451738,0.012888384734005987,1.7764609
176704,0.25,2.5222900828493055e-05,0.015549357046512976,1.773586
176768,0.25,5.315865953062021e-05,0.010766614120095252,1.702295
176832,0.25,2.209284076526124e-05,0.010822100884285382,1.7626774
176896,0.25,6.22113034203825e-05,0.015588686087507395,1.7334023
176960,0.25,2.9275423656389315e-05,0.011228269786152345,1.7632601
177024,0.25,4.74950947515229e-05,0.01318170680974137,1.7425983
177088,0.25,0.00011663827327917673,0.013245897044509174,1.7109507
177152,0.25,5.9800453731052354e-05,0.02114034523642331,1.7747056
177216,0.25,3.054282533799965e-05,0.014208230726722513,1.7921904
177280,0.25,3.448729589565168e-05,0.012629385105520398,1.7247647
177344,0.25,7.718535341216314e-05,0.013726955306592,1.8364388
177408,0.25,4.156506805538448e-05,0.012041709486751734,1.7488703
177472,0.25,3.8674088443160316e-05,0.00855051655592059,1.7023113
177536,0.25,2.7536943394224694e-05,0.016304068556604295,1.7096672
177600,0.25,8.87698879405819e-05,0.015180979917396559,1.7345768
177664,0.25,5.4886753524611126e-05,0.017036656137985627,1.7248039
177728,0.25,0.00015284634964106227,0.017272291735046914,1.7249708
177792,0.25,3.225092611133795e-05,0.026990587505475,1.8518572
177856,0.25,9.368209456575398e-05,0.02116530354230563,1.8161255
177920,0.25,7.27332182840274e-05,0.013030807048337367,1.8636433
177984,0.25,0.00010881602000046778,0.015358478334758174,1.8894558
178048,0.25,2.39342381253135e-05,0.008882981559353026,1.9104091
178112,0.25,6.094884488329417e-05,0.009474411134623033,1.8871174
178176,0.25,4.15144993709765e-05,0.011021671737305326,1.963315
178240,0.25,4.303575646221408e-05,0.016828387713556228,1.8684479
178304,0.25,7.21165467614794e-05,0.014151722587004407,1.884239
178368,0.25,3.971035783437854e-05,0.015803794464576124,1.8293692
178432,0.25,5.248489381030191e-05,0.014110175946633852,1.8942598
178496,0.25,4.853922518651202e-05,0.013495413399356277,1.8890356
178560,0.25,2.1035192688943995e-05,0.011140746242680974,1.8338265
178624,0.25,6.468305359037967e-05,0.011776826198005163,2.0459895
178688,0.25,1.968292162950396e-05,0.008431256348995738,2.162054
178752,0.25,2.4724219274986175e-05,0.012921361509314465,2.0449488
178816,0.25,4.9482579101223224e-05,0.015796188735358794,1.8337245
178880,0.25,6.349880436330099e-05,0.00962526508818537,1.9865975
178944,0.25,5.871861009202167e-05,0.010611586306962382,1.9844307
179008,0.25,4.6212476718850495e-05,0.018192821892415372,1.9222064
179072,0.25,1.743257923356495e-05,0.018170315292563324,1.8301842
179136,0.25,3.425687977629033e-05,0.011752565163197424,1.8551965
179200,0.25,5.13589179013815e-05,0.013541176414643728,1.9057549
179264,0.25,5.8055655102030374e-05,0.009547234757889274,1.8929448
179328,0.25,2.445929157235157e-05,0.008045014502441678,1.8873872
179392,0.25,3.511650472040738e-05,0.013223955574100268,1.9520756
179456,0.25,7.863145871362837e-05,0.009155289292150485,1.8004849
179520,0.25,6.665446942727792e-05,0.008938247567718145,1.851493
179584,0.25,4.8712206633769134e-05,0.011556394413421423,1.8084171
179648,0.25,5.128123467193344e-05,0.020191764065352873,1.9276155
179712,0.25,9.237183952073551e-05,0.02497032934541536,1.8718258
179776,0.25,4.076497631325403e-05,0.01706005067199337,1.9902636
179840,0.25,7.867530470840109e-05,0.017121919062079896,1.927086
179904,0.25,2.006355281773323e-05,0.008190046442695128,1.900956
179968,0.25,3.6904729314469105e-05,0.013389227693555227,1.8555062
180032,0.25,9.395092201398329e-05,0.01213977666628161,1.9891723
180096,0.25,2.2982863100483754e-05,0.021489722350149676,1.87844
180160,0.25,2.1379589014737304e-05,0.009398617616508816,1.8960154
180224,0.25,4.274101710311293e-05,0.016624366490497262,1.8473625
180288,0.25,3.046020488540917e-05,0.011195231731204488,1.7984874
180352,0.25,7.769863926707702e-05,0.013840142706879464,1.9624008
180416,0.25,6.387865038766531e-05,0.018463363510105447,2.114289
180480,0.25,5.826938340919392e-05,0.019408443168665943,2.246995
180544,0.25,3.6094496473126476e-05,0.011758200721258594,1.8706827
180608,0.25,3.5357672545548767e-05,0.012694562180211151,1.907767
180672,0.25,3.54452482701096e-05,0.01928424832259237,1.9357966
180736,0.25,4.668242644022269e-05,0.01177656582168351,2.177957
180800,0.25,0.00015184251098852654,0.015173867225692986,2.183399
180864,0.25,0.00016796174103267893,0.013824218349049762,2.0232425
180928,0.25,6.921334471921003e-05,0.020633063253654597,2.1113474
180992,0.25,3.1142578290158694e-05,0.009241215173714208,2.0718408
181056,0.25,3.8280502079909426e-05,0.008778345539065103,1.9115471
181120,0.25,3.599401647573631e-05,0.01208772497225727,1.8576114
181184,0.25,1.8267629803839407e-05,0.013342821177861269,2.1250045
181248,0.25,1.4546885302327386e-05,0.007551031548828169,2.042479
181312,0.25,5.685677120041699e-05,0.007757031973674755,1.9058634
181376,0.25,1.6452035115306223e-05,0.012480083644614887,2.0086799
181440,0.25,3.705542069915545e-05,0.012774895095550489,1.9783254
181504,0.25,1.9544192761318478e-05,0.009511839812757291,1.8847916
181568,0.25,4.0863577664886274e-05,0.012156973006552533,1.8903308
181632,0.25,3.868709306339146e-05,0.014284669329057344,1.8792518
181696,0.25,2.8402521892896863e-05,0.008734711101841422,1.9079361
181760,0.25,4.141104380412204e-05,0.012873605834481936,1.9442774
181824,0.25,5.951990843324193e-05,0.01590514393270066,1.9398237
181888,0.25,6.77836790084579e-05,0.010770600235437992,1.9342656
181952,0.25,0.0001850880438357862,0.00946084681582557,1.9505852
182016,0.25,5.075715277777411e-05,0.009822136592542321,2.1252897
182080,0.25,4.235306505013954e-05,0.01475092790942949,1.9247903
182144,0.25,4.095152246315149e-05,0.013835575447805018,1.9209495
182208,0.25,4.51823317485496e-05,0.025964245387961493,1.8912537
182272,0.25,2.5533798286403985e-05,0.011027617456349526,1.865803
182336,0.25,2.2645485802123495e-05,0.011824316863991722,1.9149268
182400,0.25,6.934943117329211e-05,0.012478561050354138,1.9879241
182464,0.25,6.228849641058157e-05,0.006742333129765596,2.112579
182528,0.25,3.447548453702687e-05,0.012887200057641544,1.990748
182592,0.25,7.691682279459576e-05,0.015195159376690059,1.8676776
182656,0.25,2.1568097136818084e-05,0.013280529063808149,1.8750918
182720,0.25,4.3975082892657844e-05,0.010037123375584258,1.96724
182784,0.25,3.760241492534137e-05,0.013714626894055644,1.8888509
182848,0.25,4.613448912729467e-05,0.014858728080321683,1.8879638
182912,0.25,2.199910674171418e-05,0.009996965469869157,1.9911968
182976,0.25,4.20624594203511e-05,0.008361731427437027,2.0039165
183040,0.25,2.7715430665383894e-05,0.013491944271513777,1.9870543
183104,0.25,2.8069157347208595e-05,0.014251818190699945,1.8643023
183168,0.25,2.5298870105991927e-05,0.011109029376012975,1.9620082
183232,0.25,2.818519233573721e-05,0.013679055581161795,1.970286
183296,0.25,1.8799976270649003e-05,0.009198630454917594,1.841387
183360,0.25,2.1382393086988035e-05,0.014633182231270435,2.1002507
183424,0.25,1.5700210309710997e-05,0.008440722672463808,2.0949066
183488,0.25,2.310877059172421e-05,0.010280301237365261,2.0125496
183552,0.25,1.97715886666853e-05,0.01052839111305748,1.8554777
183616,0.25,4.9781991132107074e-05,0.0143129414803008,1.8368564
183680,0.25,3.581744036775292e-05,0.013358057619539815,2.0030038
183744,0.25,1.5928232686688603e-05,0.009136169919350998,1.894272
183808,0.25,2.3696966479854848e-05,0.01184059536527175,1.8354231
183872,0.25,5.874326522091952e-05,0.015763780057989753,1.6802415
183936,0.25,6.513988953896316e-05,0.012239582470193492,1.9749972
184000,0.25,4.204157490979149e-05,0.02105764333099503,1.8364332
184064,0.25,1.7027267463250334e-05,0.007614881853403099,1.8517839
184128,0.25,2.3614589015372526e-05,0.01105548141086001,2.184471
184192,0.25,1.2282374619184847e-05,0.007657457904512811,2.2605455
184256,0.25,3.100520018626969e-05,0.013317492199936927,2.0515273
184320,0.25,2.3001475698765324e-05,0.008738182596892817,2.1231663
184384,0.25,9.704378273017912e-05,0.010635236240824998,2.0492144
184448,0.25,2.6595935590268214e-05,0.011301373354483783,2.014703
184512,0.25,3.195916141339875e-05,0.009409117512459306,1.9723761
184576,0.25,6.916821461686757e-05,0.018608678120194896,2.1342058
184640,0.25,1.77148676332488e-05,0.006700752603092844,2.2149591
184704,0.25,2.0578461609605448e-05,0.009529572562943052,2.1962087
184768,0.25,3.715054136673949e-05,0.007820921842395745,2.102041
184832,0.25,1.4315377636777129e-05,0.00824029920123715,2.137881
184896,0.25,2.5484716364354564e-05,0.006534755573152337,2.1059988
184960,0.25,2.188754983799029e-05,0.006907039370223162,2.191417
185024,0.25,3.27681262440307e-05,0.00957673886109718,2.1299558
185088,0.25,4.515756830377283e-05,0.007744844393133282,2.0732605
185152,0.25,2.067458836957447e-05,0.013626600427941907,2.247295
185216,0.25,1.9994937007158237e-05,0.010664174161113996,2.2928996
185280,0.25,2.7231488470491304e-05,0.015854414938757135,2.2782462
185344,0.25,2.5800583422111444e-05,0.014477643767758426,2.1234446
185408,0.25,1.81404808440292e-05,0.008411606793591174,2.013369
185472,0.25,2.6117027241142922e-05,0.01321116207010721,2.0418978
185536,0.25,9.481124674217054e-06,0.006402359631599561,2.0283847
185600,0.25,4.197225006454281e-05,0.016382747870819444,2.1833425
185664,0.25,5.1836466705083545e-05,0.009169783141356719,2.142285
185728,0.25,2.4627866536555604e-05,0.010311384880849633,2.033209
185792,0.25,2.5903686049989393e-05,0.011143216133319925,1.9574934
185856,0.25,2.932566878068336e-05,0.012112378151240196,1.8781868
185920,0.25,1.8398004301307407e-05,0.010282984427349547,1.8423553
185984,0.25,4.4418779361975307e-05,0.007733083343616447,1.8662263
186048,0.25,7.189806568928568e-05,0.008971145552981518,1.8692706
186112,0.25,3.9543096514472484e-05,0.01233965220908763,1.8764212
186176,0.25,4.170236640824033e-05,0.008771572650245535,1.861014
186240,0.25,4.473942355981957e-05,0.01430699893333714,1.9819145
186304,0.25,5.938806909022987e-05,0.012651357660476958,2.0583565
186368,0.25,5.2280312484997006e-05,0.01097668374820276,1.7729677
186432,0.25,5.667865500248188e-05,0.016592788516529882,1.789966
186496,0.25,6.81521333306288e-05,0.015485118885608993,1.7589698
186560,0.25,2.1345320057093055e-05,0.012120596961852168,1.7536368
186624,0.25,1.4945698632380193e-05,0.007309596403670885,1.7960896
186688,0.25,2.4431011036704774e-05,0.0110137674930957,1.8110076
186752,0.25,4.148132598781408e-05,0.014094378982948125,1.6764606
186816,0.25,0.00010497647191245312,0.015780845263218737,1.9231919
186880,0.25,4.340794154356087e-05,0.00973573714432322,1.8739339
186944,0.25,4.239426479762595e-05,0.012945910694853128,1.8633671
187008,0.25,2.9584018986295155e-05,0.008318363270813688,1.7383809
187072,0.25,1.971592168336329e-05,0.011555816820970559,1.7188506
187136,0.25,2.9417735905313595e-05,0.014930136942269074,1.7645948
187200,0.25,5.709229477813365e-05,0.014146560884329808,1.735197
187264,0.25,3.86738758967305e-05,0.007328230789482935,1.8310432
187328,0.25,8.404039061260239e-05,0.013146443345318743,1.7252636
187392,0.25,4.092099006102904e-05,0.011686526083682086,1.711583
187456,0.25,4.8721764843270745e-05,0.0091039855541991,1.7962087
187520,0.25,7.987190594556976e-05,0.014012680273518655,1.7020967
187584,0.25,8.154874206760626e-05,0.01351997620619465,1.7610083
187648,0.25,3.3145741151839826e-05,0.01038924312349254,1.7758139
187712,0.25,2.980299875418754e-05,0.01319743314763314,1.6921743
187776,0.25,2.3419783210587992e-05,0.006456642282517957,1.7556213
187840,0.25,4.869258553721061e-05,0.009074354105423019,1.7186495
187904,0.25,7.956382307383603e-05,0.011364577909534605,1.6549644
187968,0.25,5.835825116850361e-05,0.010960079186575183,1.6095678
188032,0.25,5.137748910308755e-05,0.006112826660625525,1.6830233
188096,0.25,3.284113990558909e-05,0.011944124364818244,1.8308783
188160,0.25,6.347920398403078e-05,0.011963968934243016,1.9509981
188224,0.25,1.5226093585071095e-05,0.006284750771163744,1.9621294
188288,0.25,4.2734191357619035e-05,0.012499934050575475,1.9337233
188352,0.25,0.00010754996644766273,0.01743145467337065,1.946216
188416,0.25,9.301004073371887e-06,0.006085124473767886,1.8918444
188480,0.25,2.508604758148329e-05,0.007912342601578486,1.932022
188544,0.25,4.041440394150174e-05,0.013477022541695763,2.076838
188608,0.25,7.00426642908879e-05,0.010662068786100553,1.9718211
188672,0.25,3.0191635449871192e-05,0.010278107649601248,1.8899404
188736,0.25,3.663979321288014e-05,0.012191853487355311,1.7978859
188800,0.25,5.509260092711614e-05,0.013584084277522127,1.8207787
188864,0.25,2.0937213245194458e-05,0.010189911459025688,1.861427
188928,0.25,1.7068217384369023e-05,0.006723845125958367,1.8041525
188992,0.25,3.604643298876775e-05,0.010527971274987896,1.8266577
189056,0.25,5.525434508532997e-05,0.012996120547625984,1.8148007
189120,0.25,2.728438240582336e-05,0.009246082321971537,1.7918426
189184,0.25,8.154161876623734e-05,0.009853002343960773,1.7882158
189248,0.25,3.321834181275011e-05,0.019666400398157053,1.8404311
189312,0.25,3.8394963677422887e-05,0.01148429260922541,1.7689234
189376,0.25,1.7137988747723428e-05,0.01022423572774906,1.7855806
189440,0.25,2.138636282132585e-05,0.0063899567786642455,1.803896
189504,0.25,4.902588281879838e-05,0.012593352786042254,1.7878103
189568,0.25,2.986662145768356e-05,0.013834588543611376,1.7949892
189632,0.25,6.037609861514385e-05,0.009525512305896587,1.7579536
189696,0.25,2.6818862563123293e-05,0.011388973097505061,1.7161102
189760,0.25,4.394888112893948e-05,0.01457942590570469,1.719783
189824,0.25,3.5909952892224095e-05,0.011106575337089225,1.7186376
189888,0.25,6.805077373576376e-05,0.013791232554798083,1.7554331
189952,0.25,2.336651579809167e-05,0.010577520562899536,1.7424709
190016,0.25,7.267590340406381e-05,0.010327617722374472,1.7449093
190080,0.25,2.6829885900952023e-05,0.01478179772999297,1.7637864
190144,0.25,6.773503366266535e-05,0.010241889205108223,1.779562
190208,0.25,6.126429310891797e-05,0.011138491477861147,1.8329587
190272,0.25,5.7829230306303615e-05,0.014615925349712391,1.9046985
190336,0.25,2.104400113665191e-05,0.009224278878001748,1.8560711
190400,0.25,0.0001754462441976122,0.008802448918826441,1.8404284
190464,0.25,4.320132943858284e-05,0.013940989811431865,1.8338418
190528,0.25,3.0777692017284215e-05,0.0081617170501914,1.8416688
190592,0.25,5.164475878003533e-05,0.009198451877372074,1.8636392
190656,0.25,3.291377885933459e-05,0.006758275948985349,1.8599548
190720,0.25,3.3124763809824806e-05,0.013946758812251782,1.8470715
190784,0.25,3.900454563871946e-05,0.00623507389324992,1.8645624
190848,0.25,4.093847677296029e-05,0.01137983166796201,1.8677378
190912,0.25,2.311184091193143e-05,0.0074927636491816,1.8735734
190976,0.25,2.4408330912960297e-05,0.008739486542215047,1.9115987
191040,0.25,3.150441999664823e-05,0.008090935637312635,1.88744
191104,0.25,5.234648924508546e-05,0.01232554687931844,1.8710322
191168,0.25,6.273193991022919e-05,0.013152535513219831,1.8596443
191232,0.25,4.8628618073282004e-05,0.011464580698963353,1.7876421
191296,0.25,3.288652267401616e-05,0.012141199682538581,1.722877
191360,0.25,8.483674582601602e-05,0.007045295318225875,1.7711844
191424,0.25,2.7884328007896173e-05,0.014142281666997705,1.8963976
191488,0.25,5.708353984349418e-05,0.007550339210857721,1.8349781
191552,0.25,6.637936427285447e-05,0.00986310000990843,1.8640461
191616,0.25,4.487251299172493e-05,0.011302150591451699,1.8350284
191680,0.25,2.7343970990871595e-05,0.0146855476550592,1.8247151
191744,0.25,1.4366783140306564e-05,0.008775989009972354,1.794324
191808,0.25,8.998420587997364e-05,0.006340740350606848,1.780175
191872,0.25,5.316886420822182e-05,0.014641981535520628,1.8069694
191936,0.25,8.54571060745827e-05,0.013585788509428535,1.9508477
192000,0.25,3.2881322532522926e-05,0.01113409392704245,1.7850666
192064,0.125,2.3033088686249165e-05,0.005391648060122614,1.8325121
192128,0.125,1.4289551658249343e-05,0.004067640690309076,1.8231826
192192,0.125,2.1218891718615956e-05,0.0032399475462007907,1.872979
192256,0.125,1.542013267399775e-05,0.005348212233200782,1.8074273
192320,0.125,7.960122734710231e-06,0.0035396695360839616,1.8071884
192384,0.125,7.648483727575943e-06,0.005538553505410013,1.8017226
192448,0.125,9.570198188346702e-06,0.0032387816650400634,1.8335035
192512,0.125,1.2008440271190616e-05,0.00843747228056186,1.7308645
192576,0.125,6.7636344011267454e-06,0.004163888687241811,1.7563077
192640,0.125,1.998001685787145e-05,0.005318811486739115,1.7419593
192704,0.125,7.841797237382227e-06,0.0033216718271625303,1.7315539
192768,0.125,9.105983211852604e-06,0.004301945259810789,1.7197311
192832,0.125,2.4993616952125166e-05,0.002520010884461272,1.7235903
192896,0.125,7.899913244222432e-06,0.004086613891829942,1.7213426
192960,0.125,1.148925769906773e-05,0.003515023513518985,1.7062321
193024,0.125,3.498150432266789e-05,0.003989161565905011,1.7018332
193088,0.125,1.8137935910452358e-05,0.005234625051340553,1.6720873
193152,0.125,1.3921751661460377e-05,0.004488584701482534,1.6660894
193216,0.125,1.2746769930125409e-05,0.003548901690667676,1.6172888
193280,0.125,1.0541579005367517e-05,0.003798722954414084,1.6532724
193344,0.125,2.7678006346477402e-05,0.004936191456949371,1.6112571
193408,0.125,8.96802527964515e-06,0.003253482902699425,1.6187075
193472,0.125,2.0598996867122034e-05,0.0038949169705397896,1.6259614
193536,0.125,1.2596890187304183e-05,0.004031939102299496,1.6278846
193600,0.125,4.251497167575356e-06,0.002220580669041658,1.6058977
193664,0.125,1.3506014054109431e-05,0.00632453402822182,1.6735182
193728,0.125,1.9052085764598443e-05,0.004233303228176039,1.6625651
193792,0.125,4.750277345972702e-06,0.003900589939118062,1.7597798
193856,0.125,8.485731364391243e-06,0.003234385546551565,1.666163
193920,0.125,4.2875691056314464e-06,0.0017437081563511894,1.6542473
193984,0.125,9.118990243422188e-06,0.005829128553657889,1.644449
194048,0.125,1.546147401076947e-05,0.005540521207753437,1.6843691
194112,0.125,2.3074945669803414e-05,0.005232537315324982,1.6662705
194176,0.125,1.1395702756216262e-05,0.006364905295958907,1.7997984
194240,0.125,1.6577834084498938e-05,0.005064383538990092,1.8640592
194304,0.125,1.1598332880891419e-05,0.0053030521109168225,1.8787671
194368,0.125,5.825994103486786e-06,0.004594874958335085,1.7898
194432,0.125,1.4453625878855909e-05,0.00460422551767285,1.7513012
194496,0.125,8.06928085368583e-06,0.0025284741208160314,1.7523803
194560,0.125,1.0957421846647058e-05,0.005033765159253141,1.726696
194624,0.125,1.183320739551438e-05,0.004786481568808876,1.8856902
194688,0.125,9.503593054555385e-06,0.0043149295933581945,1.82794
194752,0.125,1.0100805806685617e-05,0.003849458093232227,1.8482529
194816,0.125,1.614025007573298e-05,0.003568719327451492,1.8142173
194880,0.125,4.1197803635666455e-06,0.004518691631506711,1.8007851
194944,0.125,1.2405994806657939e-05,0.004587296009035447,1.730886
195008,0.125,1.0661555743327453e-05,0.004477273419841796,1.7348272
195072,0.125,7.067227414384288e-06,0.006149730185300674,1.7418443
195136,0.125,6.7594325354185046e-06,0.0036909466073602143,1.7520745
195200,0.125,5.483330346507791e-06,0.005717681901823397,1.8258474
195264,0.125,4.605894842944516e-06,0.004226262911962781,1.9657494
195328,0.125,7.202889463676568e-06,0.004872897103131253,1.9276234
195392,0.125,4.263384710361392e-06,0.0038393116841561738,1.9049472
195456,0.125,4.92687244305421e-06,0.004666274685566328,1.7833568
195520,0.125,3.100067988745199e-05,0.008208087777335138,1.7929386
195584,0.125,1.257016333534824e-05,0.005727966168723173,1.768505
195648,0.125,7.1044866249580875e-06,0.004734077721995626,1.7842207
195712,0.125,7.773638309755773e-06,0.00461055493284305,1.825866
195776,0.125,1.2603227152869003e-05,0.005504815814563215,1.816851
195840,0.125,8.591257131246735e-06,0.004428364596453693,1.8439213
195904,0.125,9.748665078289827e-06,0.004099251027349029,1.7927893
195968,0.125,7.938912486048306e-06,0.002903112773842577,1.7777188
196032,0.125,8.771711153180495e-06,0.00348373326935387,1.7558796
196096,0.125,8.720301348974502e-06,0.004701759774582753,1.7634438
196160,0.125,1.3428971639365656e-05,0.004510715634549056,1.7388713
196224,0.125,7.386970290890683e-06,0.005920728297071488,1.7546912
196288,0.125,9.222126134342868e-06,0.004024477360186318,1.7570332
196352,0.125,1.1550860273653098e-05,0.003350708175459611,1.7873342
196416,0.125,1.3719363912237886e-05,0.00362865055039089,1.7052749
196480,0.125,3.5288040068755186e-06,0.0035851329512465242,1.7707992
196544,0.125,6.142067555010722e-06,0.004645644398175862,1.75535
196608,0.125,3.2818770871874864e-06,0.003467878752620992,1.7188122
196672,0.125,5.236075002438147e-06,0.003754748290466144,1.7581422
196736,0.125,9.598152065955817e-06,0.004106191409475913,1.7781616
196800,0.125,1.4196591653738807e-05,0.004399756668543952,1.7505627
196864,0.125,1.9935083430321016e-05,0.004710886776898647,1.7591527
196928,0.125,8.19583914597552e-06,0.004958400980568655,1.8430234
196992,0.125,4.620374490581942e-06,0.004610340658175847,1.6820159
197056,0.125,1.361705835619403e-05,0.0026316571617748673,1.6626867
197120,0.125,9.640403754890013e-06,0.006140610107134413,1.6410397
197184,0.125,9.005247397277441e-06,0.0033998116832803437,1.9597421
197248,0.125,4.419146862971017e-06,0.004874317797583912,1.7036278
197312,0.125,7.1898519894680185e-06,0.003977525652442551,1.6853677
197376,0.125,2.7508800188229814e-06,0.004369795217002382,1.7114855
197440,0.125,2.9334183187909195e-06,0.002079221920528905,1.5652233
197504,0.125,5.1593449752671644e-06,0.002415205393584174,1.6136531
197568,0.125,1.1357756684699465e-05,0.004512194950723614,1.5188315
197632,0.125,1.1169041076799813e-05,0.0037084436251508665,1.565105
197696,0.125,8.83030820829161e-06,0.0031546545672432105,1.5695169
197760,0.125,4.866203093477813e-06,0.0029735936737276987,1.6019547
197824,0.125,1.1603824021178247e-05,0.005636838968518011,1.593341
197888,0.125,5.977528561774074e-06,0.004114951852913586,1.5471646
197952,0.125,8.477859515812833e-06,0.005535413300935376,1.7859697
198016,0.125,2.0632511736703744e-05,0.0042203838361076435,1.7223154
198080,0.125,1.6963688725527865e-05,0.0038016665569377537,1.7519044
198144,0.125,4.416539131563058e-06,0.003272285130994555,1.726098
198208,0.125,2.483566768946651e-05,0.006203731720289926,1.7959313
198272,0.125,7.610717606317691e-06,0.0023548517966918655,1.7770194
198336,0.125,4.943952532788073e-06,0.004150317621385835,1.6986994
198400,0.125,6.438131933236078e-06,0.00430515382885892,1.6553584
198464,0.125,8.633489106756336e-06,0.006298722650234337,1.6426475
198528,0.125,7.073035310029111e-06,0.006269879482841092,1.8024175
198592,0.125,5.002381669968099e-06,0.003993480666483725,1.7857683
198656,0.125,7.220565786799708e-06,0.006132882201632361,1.8394294
198720,0.125,1.1223937978931993e-05,0.004575640628879109,1.7851055
198784,0.125,5.974766810407381e-06,0.0032784116250948467,1.7574128
198848,0.125,6.95108607475093e-06,0.0023214683682577157,1.8060292
198912,0.125,6.87566930346955e-06,0.004117449575233628,1.8032068
198976,0.125,6.507333988919884e-06,0.00682213345299856,1.7548684
199040,0.125,4.640943892086049e-06,0.003949555132500955,1.7580944
199104,0.125,2.1061779150038434e-05,0.004407717140705502,1.8683352
199168,0.125,4.80804554526147e-06,0.004996979709573334,1.8179845
199232,0.125,1.0836443647423678e-05,0.005012787632144237,2.2916179
199296,0.125,6.742290061901015e-06,0.004029692505875198,2.1575058
199360,0.125,5.209310490029313e-06,0.003174397550101187,1.9615929
199424,0.125,3.828485676772662e-06,0.0025865355702495846,1.78739
199488,0.125,2.9724303096110994e-06,0.0036161344046176376,1.7700363
199552,0.125,1.4638281045092058e-05,0.006060612980105077,1.7686982
199616,0.125,2.0326629774932783e-05,0.005659824332191885,1.8363456
199680,0.125,8.975510847089415e-06,0.0038512929284586646,1.7635477
199744,0.125,4.766361587847755e-06,0.003602741678326976,1.7172418
199808,0.125,4.776260022127822e-06,0.003343719511621178,1.7267134
199872,0.125,2.026864828187614e-05,0.0032273797067022625,1.7307009
199936,0.125,2.3386505458952054e-05,0.006663332765181067,1.7955248
200000,0.125,5.849788690619509e-06,0.004321646628899003,1.8371346
200064,0.125,2.6454349760842225e-05,0.0033300006254804704,1.752915
200128,0.125,7.740644838639483e-06,0.00424408667696066,1.749583
200192,0.125,4.108013263046864e-06,0.0034123137701664442,1.8581145
200256,0.125,1.3439217236405894e-05,0.004567387530397215,2.1520348
200320,0.125,1.0276310502476884e-05,0.0034182599941706706,2.1475382
200384,0.125,6.870328825239559e-06,0.0030288840082390057,2.0324075
200448,0.125,4.095651350817288e-06,0.0037885134340984814,1.9109002
200512,0.125,7.979324334717042e-06,0.005335131434921853,2.0044665
200576,0.125,1.34518310654261e-05,0.006649541472867565,1.9790161
200640,0.125,3.980578357483912e-06,0.007153240645289832,1.999942
200704,0.125,5.6392697569329995e-06,0.004295769545003441,1.9999932
200768,0.125,8.021086698237915e-06,0.0059584016304211635,2.003888
200832,0.125,7.749985741344312e-06,0.005441230592044161,1.9756228
200896,0.125,7.862796974078776e-06,0.004309529579359887,2.3569646
200960,0.125,5.099593238251203e-06,0.004820504031853052,2.1764784
201024,0.125,1.134526364254978e-05,0.005734770795509551,2.1865764
201088,0.125,8.276846123211794e-06,0.0033884570127281606,2.0886283
201152,0.125,4.380541186571453e-06,0.0037588904507189144,2.203362
201216,0.125,9.59106757444548e-06,0.005902448318515126,2.152963
201280,0.125,1.3943527818777875e-05,0.004771170578224797,2.264412
201344,0.125,7.248504177286619e-06,0.007728083568197263,2.1585166
201408,0.125,4.66440193831693e-06,0.006332581236712449,2.0918279
201472,0.125,6.637114820851053e-06,0.005807203486619917,2.0733175
201536,0.125,5.575702997895551e-06,0.003686042815502528,2.2692013
201600,0.125,1.3403981649098722e-05,0.005303391014004822,2.299393
201664,0.125,1.2820874186250236e-05,0.004059848083946882,2.1626346
201728,0.125,6.004713673790294e-06,0.005611155527812107,2.18643
201792,0.125,6.833119829924803e-06,0.0036917229882929884,2.1975434
201856,0.125,7.364633427714111e-06,0.004414878674641734,2.109921
201920,0.125,1.0590191123624328e-05,0.004398491568444425,2.0778422
201984,0.125,1.1763864643642951e-05,0.004322288723441332,2.0523007
202048,0.125,3.88025005900724e-05,0.006134847633575445,2.0471604
202112,0.125,5.2995188860331266e-06,0.0021348418021765033,1.9576162
202176,0.125,7.3904233681744884e-06,0.0051914664671305075,1.9683468
202240,0.125,1.166602612268441e-05,0.0065989306891808715,1.9654813
202304,0.125,1.78208309670491e-05,0.008050928710624941,2.0459714
202368,0.125,1.4222436314731139e-05,0.00547020143284076,2.0530522
202432,0.125,1.3416536149666061e-05,0.0061846361047731705,1.9637011
202496,0.125,7.64506768702062e-06,0.0039017087223887077,1.987468
202560,0.125,7.593761530688874e-06,0.00434237792421531,2.0671685
202624,0.125,9.35162523362707e-06,0.005923776467260563,2.041784
202688,0.125,7.783717869171854e-06,0.005589001789543179,2.03681
202752,0.125,5.498040784068052e-06,0.006983490417412148,1.9096779
202816,0.125,7.789956529932671e-06,0.0069895493926858095,1.9671959
202880,0.125,4.15177239793986e-06,0.005632986177000895,1.8952515
202944,0.125,1.1645678679870295e-05,0.005750569916252082,1.8605052
203008,0.125,9.883459014834668e-06,0.003432532197016428,1.9191575
203072,0.125,1.0166767118031672e-05,0.004049950020674183,1.9054865
203136,0.125,5.4322760538711945e-06,0.0037215628573184765,1.9164937
203200,0.125,4.303867025545749e-06,0.004226491935481256,1.8697141
203264,0.125,1.1473584988056612e-05,0.006046639320374965,1.9538624
203328,0.125,9.130440785100862e-06,0.0059379213743987825,1.8789641
203392,0.125,6.922337501607742e-06,0.004223668441912944,1.9181951
203456,0.125,1.3260838990533563e-05,0.005814970888536356,1.8773047
203520,0.125,6.64464308014429e-06,0.005359554031401154,1.9267639
203584,0.125,1.0354221820619e-05,0.004751671553686009,1.9250115
203648,0.125,5.919552863300714e-06,0.003794291374682171,1.9192694
203712,0.125,8.22953736725196e-06,0.003119161119060285,2.531951
203776,0.125,1.4080494760465117e-05,0.006485305551642581,2.0945976
203840,0.125,3.6982257367434635e-05,0.006561139595545034,2.0360706
203904,0.125,1.1507028522313861e-05,0.005012699137903915,1.8072917
203968,0.125,6.9336339854246734e-06,0.0036650813983060593,1.8943444
204032,0.125,3.6414030537935334e-06,0.004596154458253515,1.9019485
204096,0.125,9.239700914598677e-06,0.00543265389608198,1.7792535
204160,0.125,1.4121655714433501e-05,0.006482785770832996,1.8218578
204224,0.125,1.653909898741018e-05,0.005494678882491603,1.7788904
204288,0.125,1.579521980344451e-05,0.005736635354800743,1.751897
204352,0.125,6.221821487549823e-06,0.007155227895722157,1.7304869
204416,0.125,1.1449061279654807e-05,0.005937966272885059,1.9079906
204480,0.125,9.275922504087761e-06,0.006941467989835515,1.7379037
204544,0.125,5.04394920049691e-06,0.004995468803288352,1.7767804
204608,0.125,2.790985443925678e-05,0.002939953788414223,1.7638454
204672,0.125,1.266300576402229e-05,0.008956913403798259,1.7073326
204736,0.125,8.045464218700098e-06,0.005045755820438791,1.7417994
204800,0.125,4.888359395312729e-06,0.004825218312760716,1.7532121
204864,0.125,4.506161778057541e-06,0.003774111772251481,1.8171215
204928,0.125,7.589323701220896e-06,0.003916328555135018,1.9470071
204992,0.125,5.9191559189144114e-06,0.003274574204281574,1.8984212
205056,0.125,7.4347098129118765e-06,0.0041233199017100906,1.7872598
205120,0.125,8.208179380250237e-06,0.003771068081164448,1.7620382
205184,0.125,1.4455248584737167e-05,0.0040555752356971845,1.7041727
205248,0.125,6.37799955505427e-05,0.007860772581436252,1.7585701
205312,0.125,1.1614372883819112e-05,0.02015145216522838,1.8765532
205376,0.125,6.021892216733364e-06,0.004669012339808256,1.7259679
205440,0.125,5.131217186024813e-06,0.007829239506554632,1.7493881
205504,0.125,5.161478839322276e-06,0.008154201237749396,1.776417
205568,0.125,1.283566862023701e-05,0.00515089582266551,1.7643824
205632,0.125,1.276464518955959e-05,0.0037254121972077944,1.8776522
205696,0.125,6.854331683727103e-06,0.003539293551997826,1.7980188
205760,0.125,1.3882851746663315e-05,0.005193226160217626,1.7380064
205824,0.125,8.993112870364639e-06,0.0036847000289737183,1.7189262
205888,0.125,7.322431278030861e-06,0.005959059743493002,1.67922
205952,0.125,1.1774090321772433e-05,0.006254818813427153,1.7446
206016,0.125,4.639734363994584e-06,0.007354745363925082,1.6476302
206080,0.125,6.223670467231545e-06,0.005051345568465381,1.6320523
206144,0.125,6.702322182155293e-06,0.005575544832399432,1.6107239
206208,0.125,1.9152261414586005e-05,0.008908096301777772,1.6761758
206272,0.125,3.923564532131449e-05,0.00661800933918551,1.6769919
206336,0.125,8.63381582727766e-06,0.005025918849907008,1.6815381
206400,0.125,9.306638348970279e-06,0.0039615581999647015,1.6654421
206464,0.125,7.568554501060126e-06,0.0042631977330056595,1.7238814
206528,0.125,1.249692437076065e-05,0.006555121250079161,1.7416713
206592,0.125,8.28181601548402e-06,0.00474751572780165,1.8594712
206656,0.125,6.673127899311114e-06,0.008217155304601938,1.7571301
206720,0.125,4.179078113100969e-06,0.0052216627130860956,1.7907952
206784,0.125,1.0684917222498792e-05,0.006873291522329884,1.7409685
206848,0.125,6.302247444358316e-06,0.006784479992481822,1.7432233
206912,0.125,1.2249434418351868e-05,0.003695987291989911,1.7828264
206976,0.125,4.572885885495767e-06,0.0033980172580477955,1.8070209
207040,0.125,8.345512467268567e-06,0.0044735124299637484,1.7739372
207104,0.125,2.5239936383321552e-05,0.0037099616926012055,1.757053
207168,0.125,5.0722620841252455e-06,0.004550038591222463,1.7228519
207232,0.125,8.905110684203082e-06,0.003234515443383004,1.7619678
207296,0.125,4.404683437626117e-06,0.006066500185101963,1.746017
207360,0.125,6.5649158498515525e-06,0.006284371675215204,1.7303817
207424,0.125,8.38776898596924e-06,0.0041593360817433435,1.776553
207488,0.125,5.315765088499398e-06,0.00655002742661062,1.8122814
207552,0.125,3.26371966528061e-05,0.0037539785492746503,1.8432509
207616,0.125,4.671201804230566e-06,0.005295200644934248,1.9807155
207680,0.125,9.875209608054515e-06,0.007113445820708975,1.8948203
207744,0.125,8.853018185239164e-06,0.005076614243617161,1.8584127
207808,0.125,4.265537594329308e-06,0.004070332845136552,1.8204753
207872,0.125,1.091025899379297e-05,0.0037908027236798533,1.8895102
207936,0.125,3.6839831525343542e-06,0.004478489409196064,1.8360187
208000,0.125,7.367061893113837e-06,0.004007957708344872,1.8958896
208064,0.125,1.1558771207045948e-05,0.006805461902405209,1.865581
208128,0.125,4.814872140862974e-06,0.0031528755679211774,1.845424
208192,0.125,9.279848390496887e-06,0.0023410000341303207,1.8061223
208256,0.125,8.831208748280628e-06,0.005107258758878352,1.7643871
208320,0.125,3.232408561143872e-06,0.003470678723267613,1.7685184
208384,0.125,4.672552213575381e-06,0.004289107058385234,1.7006055
208448,0.125,6.500206750575302e-06,0.003314801151231225,1.8052646
208512,0.125,2.739960820744014e-06,0.0036891404155031896,1.881857
208576,0.125,6.747205832238e-06,0.0028546889580216605,1.7976198
208640,0.125,4.973784687850591e-06,0.0023702159481979097,1.7484714
208704,0.125,4.373509234742148e-06,0.005485398729214769,1.8194088
208768,0.125,9.715845811921088e-06,0.003943928098435126,1.8533057
208832,0.125,7.72000998071268e-06,0.004676587692409129,1.8199245
208896,0.125,4.997610137505142e-06,0.004478627039431666,1.8082566
208960,0.125,3.246422222980001e-06,0.006167869022006226,1.7932422
209024,0.125,1.1261176060931948e-05,0.006420880622807543,1.7905898
209088,0.125,9.142636022353762e-06,0.006697362759796899,1.7773333
209152,0.125,4.464109640693704e-06,0.004196676892419809,1.8334558
209216,0.125,7.931023541911444e-06,0.0037791731134318835,1.8160297
209280,0.125,4.612119817992898e-06,0.00348010386624357,2.0555804
209344,0.125,4.018953241881273e-06,0.0032418651397591596,1.8554081
209408,0.125,7.416833586537885e-06,0.003437768253370878,1.7842503
209472,0.125,5.3684381849483226e-06,0.0031535167890833315,1.7703462
209536,0.125,9.482991142973337e-06,0.006247867319444794,1.7805288
209600,0.125,7.189026927532417e-06,0.004587942920049901,1.9789308
209664,0.125,7.4386845534553e-06,0.004594445022909802,1.9887956
209728,0.125,1.0559784284836804e-05,0.004513616726451397,1.9250628
209792,0.125,3.41653567146255e-05,0.006275350901685427,1.9145519
209856,0.125,4.929415153162586e-06,0.005557402937654511,1.9103817
209920,0.125,7.590929347112531e-06,0.00554465456047476,1.892312
209984,0.125,7.192764956699967e-06,0.0036600765136129924,2.0121107
210048,0.125,8.050409530900408e-06,0.006000021698813166,2.025375
210112,0.125,1.0979888953898173e-05,0.006685232307943247,1.956079
210176,0.125,6.214286396999956e-06,0.004515724274694482,1.9155307
210240,0.125,8.71874679744058e-06,0.00664718512711322,1.9881873
210304,0.125,7.857687716769904e-06,0.003953844236414585,1.9365162
210368,0.125,1.0307908894746412e-05,0.004104873429800267,1.982613
210432,0.125,1.2044624144566876e-05,0.004803792170675568,2.0348034
210496,0.125,1.181719239506566e-05,0.004184373313950183,2.1419375
210560,0.125,1.9389023046426343e-05,0.007550761343273716,1.9410398
210624,0.125,1.0811123896889474e-05,0.008490944723663605,1.9339098
210688,0.125,9.899451207416117e-06,0.005493431115144259,1.9633081
210752,0.125,1.0841116179074126e-05,0.004980758150187924,2.0001347
210816,0.125,7.703963843504598e-06,0.0037804300101611905,1.9819043
210880,0.125,9.564178128357413e-06,0.004479098041608152,1.9094969
210944,0.125,7.942678819410336e-06,0.005410282750623903,2.051146
211008,0.125,1.376119040614406e-05,0.0056750007119874294,2.0706367
211072,0.125,8.910754635298362e-06,0.005644717762815466,1.9733247
211136,0.125,8.335503314132987e-06,0.004354990737536193,1.9689405
211200,0.125,6.639699465177577e-06,0.004293960664413122,1.9542007
211264,0.125,1.167623983027507e-05,0.007439709822492816,1.9820396
211328,0.125,5.1881543691442486e-06,0.004240210325084631,2.0231879
211392,0.125,1.83602144981556e-05,0.008601183098876372,2.0093772
211456,0.125,7.79923904278267e-06,0.0034057801824635505,2.24599
211520,0.125,2.6651512049108526e-06,0.003306451890167172,1.9206842
211584,0.125,2.1044918554632815e-05,0.005173385152521745,1.8832797
211648,0.125,7.912962364673084e-06,0.008892606069914707,1.9311736
211712,0.125,7.134769398869866e-06,0.004010585929148946,1.9489611
211776,0.125,7.2889357522413196e-06,0.006705531536693187,1.9086944
211840,0.125,6.415826268989798e-06,0.005232896099664263,1.9050916
211904,0.125,1.1355039169500738e-05,0.006682611016174479,1.8975579
211968,0.125,4.462475164982051e-05,0.004829738047210578,1.8745824
212032,0.125,1.2230098006338408e-05,0.004362322990122283,1.9011915
212096,0.125,6.6447891435415145e-06,0.003990602122416048,1.9722279
212160,0.125,1.2697123013525409e-05,0.0037356654574488453,1.9763445
212224,0.125,7.78611536537308e-06,0.003711018977044668,2.0368936
212288,0.125,3.531953243640975e-06,0.0028701263179272685,1.875679
212352,0.125,4.8179216801359945e-06,0.004625287070042485,1.8951893
212416,0.125,1.921761035122164e-06,0.0036462765930086777,1.8266542
212480,0.125,4.5792226372876464e-06,0.004775814065233237,1.8478632
212544,0.125,1.2507216024898101e-05,0.005146200519687958,2.0480592
212608,0.125,3.5985893466101325e-06,0.0037751101558298186,2.010111
212672,0.125,5.548758844055282e-06,0.005913386279651077,1.7745833
212736,0.125,9.154737026141682e-06,0.0036525010896671737,1.7419586
212800,0.125,1.8606490768256062e-05,0.005542412409924791,1.8960627
212864,0.125,1.2355104342452108e-05,0.0058333339864823745,1.7963436
212928,0.125,4.075193683159283e-06,0.004425956049236677,1.6438785
212992,0.125,1.0526302507125971e-05,0.005950268602791151,1.6295907
213056,0.125,4.939029314566659e-06,0.0038204011193049784,1.7808508
213120,0.125,1.1276635230555016e-05,0.006415167822382005,1.6915872
213184,0.125,2.5432405868223963e-06,0.005827062966752105,1.7721479
213248,0.125,6.638163359119831e-06,0.005203123371009919,1.8584093
213312,0.125,8.40989051474269e-06,0.005490939047227187,1.8430866
213376,0.125,7.419399127491615e-06,0.007077786132249567,1.8424617
213440,0.125,1.1832248395521692e-05,0.0032216410932821133,1.7903968
213504,0.125,9.359597208855176e-06,0.004286715359817153,1.7687281
213568,0.125,4.412761199230836e-06,0.0036547894157658656,1.7610815
213632,0.125,7.861554162869044e-06,0.004753546425236037,1.7730649
213696,0.125,3.699297383557903e-06,0.004168161201915874,1.7591549
213760,0.125,2.2669193238223826e-05,0.004267874107592046,2.090942
213824,0.125,1.2961602726254315e-05,0.003941543823225326,2.0358706
213888,0.125,8.752240499446923e-06,0.004268234796792789,2.035382
213952,0.125,1.203571864696793e-05,0.00387464208369007,1.8922676
214016,0.125,1.2626724006252107e-05,0.007086887498652075,1.8079554
214080,0.125,5.073404547907392e-06,0.004114748480424149,1.8191123
214144,0.125,1.1128419525503632e-05,0.003789590320723264,1.7858012
214208,0.125,2.3779252983281964e-05,0.007569509568061919,1.7739991
214272,0.125,6.324303682805725e-06,0.003532696790146422,1.8533311
214336,0.125,1.024140284533554e-05,0.004059628362888015,2.1100361
214400,0.125,6.5674376248654035e-06,0.0037242655006993453,1.9308064
214464,0.125,7.095446514885521e-06,0.004799680959891615,1.9523171
214528,0.125,1.1634011408377871e-05,0.005951321454511696,2.0036287
214592,0.125,4.4519414524774264e-06,0.004296006289259852,1.9102241
214656,0.125,5.396323120093666e-06,0.00503854869546327,1.8406918
214720,0.125,5.362274569213078e-06,0.004724396898526077,1.9295641
214784,0.125,7.313717579463279e-06,0.0038573532513440077,1.8710599
214848,0.125,2.0308625938716643e-05,0.0053274451058210725,1.6839749
214912,0.125,3.6785393493752732e-06,0.0038181175541250516,1.7810372
214976,0.125,3.577789649825388e-06,0.0038465823304635197,1.9530798
215040,0.125,6.542687680442993e-06,0.007152196625875507,1.7605591
215104,0.125,2.4682117029570288e-05,0.003120308556518952,1.8632569
215168,0.125,7.358748266195523e-06,0.005125969187553653,1.7508285
215232,0.125,3.835197014790009e-06,0.004510770542514603,1.7599791
215296,0.125,1.4877355158869159e-05,0.004380816125623123,1.7556971
215360,0.125,1.0446520336122284e-05,0.004196177626716526,1.7709934
215424,0.125,7.268871836092788e-06,0.006558508166295441,1.7516458
215488,0.125,1.6710711206394854e-05,0.005606464564040448,1.7729244
215552,0.125,1.532069598833607e-05,0.004938463431070428,1.778626
215616,0.125,6.9685341205771856e-06,0.003442242184802425,1.6910281
215680,0.125,6.469412424386241e-06,0.0039636043314439234,1.7031064
215744,0.125,1.0239906103554267e-05,0.005441834070314338,1.8403463
215808,0.125,2.2005491231968118e-05,0.006477935766146978,1.7807533
215872,0.125,8.594496158827644e-06,0.004905508658346443,1.7848173
215936,0.125,1.3499132474865996e-05,0.005097355454602026,1.824116
216000,0.125,1.2849707666644822e-05,0.004969447287647234,1.8196834
216064,0.125,6.568074709356985e-06,0.002230477048307452,1.8060317
216128,0.125,7.2820567464605205e-06,0.0022216145420370765,1.8794025
216192,0.125,7.235011647525095e-06,0.003115924165707322,1.8504487
216256,0.125,1.6003700669722172e-05,0.003944455959164035,1.8533344
216320,0.125,2.6036043923561128e-05,0.003253203760067261,1.7796644
216384,0.125,3.3096754732192e-06,0.0037891839355692425,1.7072375
216448,0.125,9.259375867106154e-06,0.00407824881124117,1.6615127
216512,0.125,1.1155334720235589e-05,0.0037071931358382557,1.7525055
216576,0.125,1.6775154646542867e-05,0.003927562691566659,1.742112
216640,0.125,9.852071332571057e-06,0.006160285374500248,1.6765243
216704,0.125,7.623977764628037e-06,0.0029221773557982396,1.6122382
216768,0.125,7.889659908597566e-06,0.0040907627924391355,1.7137045
216832,0.125,1.7008131110574482e-05,0.0047566445952012095,1.6430405
216896,0.125,7.46912497429257e-06,0.0037759685945296523,1.5952632
216960,0.125,4.784238080983156e-06,0.0037852175088288085,1.5416284
217024,0.125,2.3159224371351827e-05,0.003678462964283197,1.5294834
217088,0.125,1.8772301317115616e-05,0.005100712139808734,1.5465299
217152,0.125,6.3226607833756635e-06,0.004279239385369122,1.7481059
217216,0.125,9.435729519178045e-06,0.007509156067313181,1.6788625
217280,0.125,7.1546142007109655e-06,0.004421823483292636,1.6531985
217344,0.125,1.4202844523941716e-05,0.0032000319750979125,1.6257231
217408,0.125,1.8649583539343447e-05,0.004825824693545249,1.6641895
217472,0.125,7.943938109230414e-06,0.004833479650173174,1.6065223
217536,0.125,1.4015935829179661e-05,0.0037291566749487657,1.6155932
217600,0.125,8.034892015098442e-06,0.004146163818383292,1.5975953
217664,0.125,5.2278627701578435e-06,0.002907797026828129,1.6391175
217728,0.125,2.6268237169164367e-05,0.0057433283993287105,1.7035676
217792,0.125,1.303187417169864e-05,0.004138200036644502,1.6595492
217856,0.125,7.478530174868035e-06,0.0038808599470698817,1.6820153
217920,0.125,1.2120569357748096e-05,0.0036747203081658676,1.631622
217984,0.125,1.225909488862509e-05,0.005128538834824027,1.854747
218048,0.125,8.089397420413546e-06,0.003824016465745241,1.605635
218112,0.125,1.4774733731228527e-05,0.007090343680387199,1.598876
218176,0.125,1.0129329295309733e-05,0.005353033730921267,1.5924865
218240,0.125,1.1897099470475464e-05,0.005835158623157515,1.6101835
218304,0.125,1.3876311096431651e-05,0.008113443820199611,1.6810801
218368,0.125,9.193892500863551e-06,0.004725229943450983,1.6042929
218432,0.125,9.099204253447005e-06,0.0037219344669026876,1.6563919
218496,0.125,1.408824758448846e-05,0.007834742506940563,1.72517
218560,0.125,9.553393189817395e-06,0.005069894219079261,1.6385623
218624,0.125,4.659668841856742e-06,0.0043400491533334695,1.7067611
218688,0.125,3.421285020839011e-06,0.003910119659682134,1.8004097
218752,0.125,1.145896659460592e-05,0.005106538353921486,1.7289313
218816,0.125,1.536816097554401e-05,0.003872296622239657,1.7122393
218880,0.125,8.419057654022105e-06,0.0050945952935291736,1.6718408
218944,0.125,1.3902748450480192e-05,0.004173055794977269,1.6547546
219008,0.125,7.2314398461292986e-06,0.005534684313532793,1.643791
219072,0.125,2.145836093649259e-05,0.006904583635077336,1.6045086
219136,0.125,4.170189000916428e-06,0.0036459499372796865,1.6959898
219200,0.125,1.2860888629463139e-05,0.003934749874159831,1.7578909
219264,0.125,1.3864196133903789e-05,0.004723483405479934,1.7579281
219328,0.125,4.855977223188371e-06,0.005009616845671368,1.7324822
219392,0.125,2.0902527112617908e-05,0.0055347009076624305,1.6938912
219456,0.125,1.465761717937114e-05,0.005072069990325819,1.6151669
219520,0.125,1.6601463445875344e-05,0.006614117458243538,1.6266798
219584,0.125,5.2045250340133025e-06,0.006260651519431523,1.6741524
219648,0.125,3.185550063174063e-06,0.003577081002312469,1.6663234
219712,0.125,4.995692748212595e-06,0.003848305181626439,1.6392452
219776,0.125,1.2271273248989155e-05,0.007834099953762915,1.7656541
219840,0.125,2.044240791452899e-05,0.006493917651042811,1.7914196
219904,0.125,6.5495324811102686e-06,0.004976224963193228,1.7982783
219968,0.125,4.446185336427024e-06,0.005169537077114342,1.745292
220032,0.125,4.388787614037656e-05,0.004832973330005876,1.6918617
220096,0.125,8.793290369925645e-06,0.009120202500037438,1.8601147
220160,0.125,1.0516953266583755e-05,0.004920132324647525,1.6897414
220224,0.125,1.440344330514596e-05,0.0056867328815422185,1.7171296
220288,0.125,1.072937215773955e-05,0.006436527380750771,1.6066303
220352,0.125,1.0654392277481967e-05,0.005766850633255666,1.6426773
220416,0.125,1.1503798952505826e-05,0.004364414696912669,1.6043757
220480,0.125,1.863734604874823e-05,0.004256731102502928,1.6685112
220544,0.125,9.686747982975974e-06,0.0036466528621998525,1.5936935
220608,0.125,1.1272072075668904e-05,0.004858215527075696,1.5932508
220672,0.125,2.1727780692934663e-05,0.005356951020345866,1.5357407
220736,0.125,1.441173408022795e-05,0.007558976065165474,1.5516229
220800,0.125,6.508831488799599e-06,0.005564595401760898,1.5521932
220864,0.125,8.633706455785486e-06,0.003921743873206123,1.56801
220928,0.125,1.1622583246638553e-05,0.0043732419541303484,1.5683678
220992,0.125,1.5285516803983587e-05,0.004102179427372316,1.6522199
221056,0.125,1.6012477614474807e-05,0.004271584570643865,1.6289873
221120,0.125,7.536013946192697e-06,0.005665669182485676,1.8614243
221184,0.125,8.942145034953863e-06,0.0057333159168095294,1.6780628
221248,0.125,1.3280709409632085e-05,0.006026725662558041,1.7051104
221312,0.125,1.4098156568844398e-05,0.004413601702471263,1.6937206
221376,0.125,5.099721617855994e-06,0.003605689995350741,1.605201
221440,0.125,9.183513160467246e-06,0.003078976217740187,1.5862536
221504,0.125,5.771072734611623e-06,0.0037613777048400936,1.6675727
221568,0.125,3.378432035610966e-05,0.0039778007785708286,1.6246693
221632,0.125,8.737503823327023e-06,0.006575722595400461,1.8445555
221696,0.125,5.636786066300255e-06,0.005454554192088163,1.813727
221760,0.125,1.0082861453264125e-05,0.0036937311050357882,1.8150249
221824,0.125,8.197259412914753e-06,0.0048235285578422955,1.8554647
221888,0.125,2.279534283265085e-06,0.00403851608550498,1.7021163
221952,0.125,1.354927456718976e-05,0.00554378181339428,1.6965398
222016,0.125,7.301834023677355e-06,0.0051426888947062235,1.7486788
222080,0.125,5.780944796311567e-06,0.0032541552669758575,1.6884654
222144,0.125,1.7191482202546276e-05,0.004075345190052041,1.6975274
222208,0.125,6.618183414451297e-06,0.0040512782402111515,1.6958673
222272,0.125,8.407246203760544e-06,0.0024470795235744837,1.795249
222336,0.125,6.250456916727893e-06,0.005707142199250529,1.7161778
222400,0.125,7.886665751131746e-06,0.006418549214887967,1.6428996
222464,0.125,1.208100747506167e-05,0.005548464499986196,1.6661397
222528,0.125,1.9882098694052422e-05,0.005453502456368569,1.6458113
222592,0.125,6.9972498430594034e-06,0.005311398972099046,1.6467844
222656,0.125,8.20249303360101e-06,0.0045321210540613475,1.6852875
222720,0.125,3.491870397656443e-06,0.003048662349083307,1.6017224
222784,0.125,1.3601717376759644e-05,0.005632179486695014,1.6179098
222848,0.125,1.2840856737001357e-05,0.005685833466330085,1.7911274
222912,0.125,1.067016270044537e-05,0.004946988151734312,1.6830041
222976,0.125,5.41332242648765e-06,0.003607948593559857,1.8562219
223040,0.125,9.11364522082724e-06,0.003763181572847969,1.6192422
223104,0.125,1.9990483562540677e-05,0.005367539038550246,1.6047778
223168,0.125,6.131252277043429e-06,0.005359389894661865,1.6148264
223232,0.125,1.4030750614470498e-05,0.0057980527674972365,1.567933
223296,0.125,4.292678667328841e-06,0.003984451160605381,1.6081858
223360,0.125,1.8489960144784664e-05,0.005629837054880737,1.7321353
223424,0.125,2.780441805575003e-06,0.003937683979695637,1.7236997
223488,0.125,2.3607541173442827e-06,0.0037625719064083595,1.7164724
223552,0.125,1.2120749826344006e-05,0.005285545451488122,1.6111215
223616,0.125,1.6206071458032176e-05,0.0036912990386303293,1.5852269
223680,0.125,7.2899802824428575e-06,0.004382377433605064,1.587212
223744,0.125,6.119323812288484e-06,0.0034108507000196967,1.6136107
223808,0.125,6.159136255398447e-06,0.005347680921739208,1.805343
223872,0.125,8.150256095947447e-06,0.0054814444794505516,1.7129315
223936,0.125,1.157901820451273e-05,0.00929991503881036,1.6985949
224000,0.125,3.931287615859167e-05,0.009682814939045754,1.6342882
224064,0.125,7.259416835534461e-06,0.0062565819241259335,1.7504731
224128,0.125,1.0747509479361305e-05,0.005398213406594939,1.6121932
224192,0.125,1.260102123817673e-05,0.007971561951442495,1.6100703
224256,0.125,7.799510903465588e-06,0.005133793799387161,1.7550554
224320,0.125,4.041289740702992e-06,0.0038216721549987074,1.667231
224384,0.125,1.1062821853599168e-05,0.005156715082450426,1.6910522
224448,0.125,1.0230409272138937e-05,0.005455182227143279,1.7003151
224512,0.125,6.019621006576521e-06,0.0043814141121867566,1.7241601
224576,0.125,4.989121840382213e-06,0.004071917497145925,1.7726437
224640,0.125,1.2942478718000383e-05,0.003389403239934567,1.7870456
224704,0.125,8.552585410521471e-06,0.0035695580137493402,1.6737314
224768,0.125,9.50411341666517e-06,0.005700577130248088,1.6702465
224832,0.125,2.5384726431098914e-06,0.004590457916194158,1.6463066
224896,0.125,1.7592052983086102e-05,0.0074396251140493655,1.6960833
224960,0.125,1.1399855612037352e-05,0.006657769599508156,1.751501
225024,0.125,4.784326609153294e-06,0.003563632493446343,1.6826522
225088,0.125,8.858585182943595e-06,0.006959932069842823,1.6749276
225152,0.125,3.6599076416221745e-06,0.005194484240501974,1.6371744
225216,0.125,9.213990385153331e-06,0.0047034227855014335,1.63928
225280,0.125,7.323924497849946e-06,0.003005833713338127,1.7084514
225344,0.125,1.0942392557626538e-05,0.004040774834452664,1.6672589
225408,0.125,1.53717629014822e-05,0.004531930773231804,1.852623
225472,0.125,6.46519730062499e-06,0.0032093404011367525,1.7140949
225536,0.125,1.1494698365668102e-05,0.0046900639023906955,1.6886237
225600,0.125,1.8735029067614807e-05,0.004190776617812081,1.6851444
225664,0.125,2.9125148934173116e-05,0.004070977153484748,1.7907988
225728,0.125,8.74511052588797e-06,0.004441151292000674,1.7936407
225792,0.125,4.2960280587338705e-05,0.005544775801417545,1.887072
225856,0.125,1.011123728325821e-05,0.006942509923381324,1.7611059
225920,0.125,6.081854209201175e-06,0.0057741762182990175,1.7543699
225984,0.125,1.9759786833064885e-05,0.0036676810309311772,1.9315912
226048,0.125,8.472404096339686e-06,0.004961152943806825,1.9232095
226112,0.125,1.002622417660735e-05,0.0062806281090678154,1.8940284
226176,0.125,5.615627987579996e-06,0.005115924927085263,1.7230027
226240,0.125,3.1301576321628676e-05,0.004997254077637741,1.8081017
226304,0.125,7.710809878232354e-06,0.0036403251770487973,1.9658526
226368,0.125,5.543063006605053e-06,0.004349115509165704,1.8408412
226432,0.125,5.455424790865316e-06,0.0037973219400226385,1.6878856
226496,0.125,1.1219685201452156e-05,0.003396332190874543,1.6636574
226560,0.125,1.0459644119104499e-05,0.005535763991279566,2.4269333
226624,0.125,9.19831667962691e-06,0.004109652842690465,2.1758416
226688,0.125,9.647884439504907e-06,0.0067063088475049085,2.192533
226752,0.125,1.3969280633800655e-05,0.005422105112395632,1.907493
226816,0.125,2.4718757215747586e-05,0.005935047205825087,1.8989439
226880,0.125,6.030319819054884e-06,0.005205964720865615,1.7824184
226944,0.125,5.731348112170131e-06,0.00391492244811871,1.7806646
227008,0.125,1.185956606572899e-05,0.004095497290326122,1.9810642
227072,0.125,6.222036612448012e-06,0.00815610336218368,2.0187182
227136,0.125,1.9273521405971845e-05,0.0025620419916255054,2.8319263
227200,0.125,1.1192870922662544e-05,0.008717296584175329,2.716877
227264,0.125,2.1176638196173742e-05,0.007057121791967419,1.9512283
227328,0.125,1.2639874425218462e-05,0.0042669278310950515,2.030851
227392,0.125,4.115935579441678e-06,0.001897282267359976,2.0723016
227456,0.125,7.666124709138533e-06,0.002818479009903509,1.9155153
227520,0.125,1.4089723124871513e-05,0.00604290655404937,2.0105002
227584,0.125,8.51204548104843e-06,0.006986105946635531,1.9142581
227648,0.125,9.97879666774221e-06,0.0032939654543200233,1.8595451
227712,0.125,1.542466563035039e-05,0.0031195570296210545,1.8375136
227776,0.125,7.89885430642271e-06,0.00436660574675577,1.8654186
227840,0.125,2.104461505078537e-05,0.004383471326550345,2.0706763
227904,0.125,6.691637613159576e-06,0.003178876284972818,2.0534053
227968,0.125,1.4842319281668842e-05,0.002986119345972821,2.0593412
228032,0.125,1.4185112692173166e-05,0.004922391611501675,1.9749525
228096,0.125,1.9168845186278132e-05,0.008563856856932327,1.9209471
228160,0.125,1.2423675402713628e-05,0.004911781472891238,1.880478
228224,0.125,7.464510558093411e-06,0.004510971602032195,1.7345467
228288,0.125,1.4897438250792786e-05,0.005782489517761919,1.9974988
228352,0.125,9.585155009677202e-06,0.005909616220564275,1.862646
228416,0.125,5.38670699517707e-06,0.00546562362862109,1.9207237
228480,0.125,1.1130257079629943e-05,0.0030336975436046983,1.7787328
228544,0.125,1.1590914391438478e-05,0.005537169393034561,2.0267167
228608,0.125,1.5014120791728408e-05,0.004219656767503344,1.8882848
228672,0.125,7.143769920872828e-06,0.004554844540369204,1.8852277
228736,0.125,7.919069588253322e-06,0.006125899405302326,1.8019776
228800,0.125,1.7625544125902323e-05,0.0055677732050664714,1.8994187
228864,0.125,1.7130829399608638e-05,0.0051981023756571005,1.9339962
228928,0.125,6.480099729463897e-06,0.0053501459016204,2.053691
228992,0.125,7.62409461541438e-06,0.004151084160357971,1.9320953
229056,0.125,5.86492883292604e-06,0.004401413439110358,1.9148026
229120,0.125,6.983261498182106e-06,0.005047029044252683,1.9017577
229184,0.125,1.5144585227119626e-05,0.005792725906262675,1.8713644
229248,0.125,8.67246706623048e-06,0.006687200358783226,1.8363776
229312,0.125,1.0420871858150712e-05,0.005558533336153257,1.9155347
229376,0.125,1.2395614745835858e-05,0.008922546328633114,1.827043
229440,0.125,2.9263825886361718e-05,0.005870230863868533,1.6546977
229504,0.125,7.191117618900512e-06,0.004784104512163703,1.7894948
229568,0.125,7.20702811226882e-06,0.002989973106464873,1.7891765
229632,0.125,1.20037765376376e-05,0.003734631159610701,1.8060684
229696,0.125,1.75246456015265e-05,0.0035607067307426243,1.7559301
229760,0.125,6.4095533583860395e-06,0.004300435794518856,1.7413636
229824,0.125,1.2468581223130519e-05,0.004574492481108376,1.7289052
229888,0.125,8.57443507119339e-06,0.006685088750253713,1.7227654
229952,0.125,1.081100194552091e-05,0.005298570497713316,1.792339
230016,0.125,5.514562439045448e-06,0.0036093896873533138,1.8211138
230080,0.125,7.255906964324469e-06,0.005102099651644438,1.723308
230144,0.125,1.3367573369602118e-05,0.002800795887202601,1.759293
230208,0.125,3.8223917131447214e-06,0.006051686801518099,1.783469
230272,0.125,1.5754421930033787e-05,0.00628690821932271,1.6384525
230336,0.125,6.67276069692416e-06,0.0062045327067460345,1.6248244
230400,0.125,1.7901875229549107e-05,0.004114710498682208,1.7028558
230464,0.125,4.698237937956351e-05,0.004457770461796597,1.6677623
230528,0.125,3.33234921497951e-05,0.007708706063804508,1.6367924
230592,0.125,1.0682047815045326e-05,0.003568890743400266,1.6745226
230656,0.125,5.010332831841586e-06,0.005489892727909444,1.8100157
230720,0.125,1.7747100578355202e-05,0.005497909295325666,1.6707295
230784,0.125,4.449356394297594e-06,0.005222129946013874,1.6315219
230848,0.125,1.3627921691567556e-05,0.004325689558792502,1.616404
230912,0.125,1.2474276965034653e-05,0.002939043910947631,1.7127551
230976,0.125,2.041980000375059e-05,0.00436554200446742,1.7422621
231040,0.125,9.39717119581059e-06,0.004297848366913382,1.666097
231104,0.125,4.301349084291326e-05,0.004298023289029534,1.7201306
231168,0.125,1.5469459293069896e-05,0.004412334704632342,1.7693903
231232,0.125,9.962518722842507e-06,0.0030337110253490867,1.8311005
231296,0.125,1.714426752145039e-05,0.0023134909141130063,1.7133064
231360,0.125,1.0592076081275348e-05,0.002575415066651505,1.6797938
231424,0.125,1.5044156769411082e-05,0.005726792288860264,1.6524829
231488,0.125,1.3494283284837763e-05,0.007281104408394195,1.6489438
231552,0.125,5.130281351038886e-05,0.003601194971421488,1.6453223
231616,0.125,9.560754703074215e-06,0.004773309402828442,1.7363485
231680,0.125,6.893328205282653e-06,0.003784373259195843,1.6914114
231744,0.125,2.463450835984669e-05,0.004490979230011828,1.6375158
231808,0.125,5.698572960349597e-06,0.004550340396838552,1.8285476
231872,0.125,9.213052208440585e-06,0.0058813030140114405,1.7140999
231936,0.125,6.974547752420575e-06,0.004644303441814963,1.5907179
232000,0.125,1.2865819300764574e-05,0.004252755705512001,1.5897152
232064,0.125,1.4173370538342071e-05,0.0028952556479369205,1.6137364
232128,0.125,2.6250996608532765e-05,0.004633647725851477,1.5883399
232192,0.125,2.858271994071416e-05,0.003510574307612949,1.6897249
232256,0.125,1.3807906244272481e-05,0.0034304144191349014,1.654389
232320,0.125,7.479585939511776e-06,0.0048667458554780135,1.6726638
232384,0.125,3.0385451149509486e-05,0.006070174874322344,1.5933366
232448,0.125,1.0093981185776406e-05,0.004931585630319799,1.6879121
232512,0.125,8.466947068074244e-06,0.0027437617579533255,1.693142
232576,0.125,4.455307378051748e-06,0.006865612039468257,1.6334488
232640,0.125,9.980663083921105e-06,0.004562687793865331,1.7286706
232704,0.125,6.346701277163172e-06,0.008540937822642746,1.7070497
232768,0.125,4.361145212466495e-06,0.00540994264083492,1.7105153
232832,0.125,3.3277620028759813e-06,0.003381067664948487,1.7281765
232896,0.125,2.2576518130353813e-05,0.005589314109767533,1.7217432
232960,0.125,7.291717902284866e-06,0.006557728446918237,1.7517102
233024,0.125,5.128503996141005e-06,0.004231476710873997,1.7563651
233088,0.125,3.817595498523922e-06,0.0036153544223124522,1.9351456
233152,0.125,1.113168526832296e-05,0.010566122250582415,1.7369264
233216,0.125,5.507702181508774e-06,0.00515510837649351,1.7218643
233280,0.125,2.7288376814627813e-06,0.003085862037812839,1.835555
233344,0.125,1.6771716673060052e-05,0.005534426257594793,1.7965026
233408,0.125,2.4173736927990924e-05,0.00751589935008273,1.8629597
233472,0.125,1.101645416223041e-05,0.0036106906784915626,1.8052086
233536,0.125,1.319295302875573e-05,0.01380345762092595,1.8381324
233600,0.125,1.5552925940648214e-05,0.005272402358885718,1.9017079
233664,0.125,4.361285719698619e-06,0.005416665265807316,1.8896414
233728,0.125,1.736245820898412e-05,0.003657433704693334,1.9312952
233792,0.125,6.435607900236451e-06,0.007970269087217055,1.9173809
233856,0.125,8.619177003931184e-06,0.004064127565510624,1.9145327
233920,0.125,1.501402578691293e-05,0.003693854415585132,1.8688421
233984,0.125,1.60746539698229e-05,0.004031513536534985,1.8699762
234048,0.125,1.5118949840129076e-05,0.006476678108715657,1.8523848
234112,0.125,3.9739674726395685e-06,0.004227704410065872,1.8254683
234176,0.125,3.1905718342680373e-06,0.0032902402531170705,2.0276275
234240,0.125,8.377601041627553e-06,0.005306754501785727,2.0003998
234304,0.125,7.211792174488995e-06,0.004641590023605357,1.8461195
234368,0.125,1.05415385025421e-05,0.003860094357708012,1.816651
234432,0.125,1.7907792439778245e-05,0.008539987250676843,1.8394701
234496,0.125,1.7511008538525073e-05,0.008410181184083192,1.8707643
234560,0.125,4.011567253785082e-06,0.0036646467842664492,2.128142
234624,0.125,1.9944714646735443e-05,0.007190106189588368,1.9991245
234688,0.125,9.16971903608052e-06,0.004847681474669657,1.9037354
234752,0.125,8.363895231214066e-06,0.0045873225081200526,1.6953824
234816,0.125,3.222454106096548e-06,0.004247222188272078,1.7856405
234880,0.125,1.0272294412489528e-05,0.003750874099091851,1.7212875
234944,0.125,1.634798645243949e-05,0.004864797450853857,1.6418306
235008,0.125,2.0062691940047582e-05,0.004588366268048107,1.7183452
235072,0.125,1.4761443853543148e-05,0.007290765207545469,1.8302618
235136,0.125,7.066978879939243e-06,0.0064842088514968635,1.7474861
235200,0.125,1.5051144231216963e-05,0.004253684530559658,1.7321721
235264,0.125,1.539468142973326e-05,0.004793258110988818,1.7161102
235328,0.125,5.600773611700657e-06,0.004312739588813983,1.719151
235392,0.125,1.6555630625642665e-05,0.007521640975073137,1.772001
235456,0.125,1.3345687701140973e-05,0.008382900385800073,1.803381
235520,0.125,1.2572642111966267e-05,0.004871200993385524,1.9246583
235584,0.125,9.727707550652166e-06,0.006032110254929136,1.8969831
235648,0.125,1.6544790009846904e-05,0.0061232875160459315,1.8944542
235712,0.125,1.1930810839717739e-05,0.0063475925587210425,1.9380133
235776,0.125,1.1205611101281086e-05,0.0039060763242073963,1.8765768
235840,0.125,9.077416548365872e-06,0.004728758476435509,1.8792742
235904,0.125,5.298461321251393e-06,0.0034062969705016687,1.90487
235968,0.125,3.834061381079327e-06,0.0035171935090801128,1.7329603
236032,0.125,9.638727930482622e-06,0.007035003770116768,1.8535639
236096,0.125,7.501223946954637e-06,0.006131180713458002,1.8321139
236160,0.125,6.003167239997557e-06,0.0039167490193425915,1.7719862
236224,0.125,1.3639311046357244e-05,0.008245429479937475,1.7957866
236288,0.125,4.839662382107164e-06,0.00688227148206912,1.8675028
236352,0.125,1.1212631577412983e-05,0.005469151439007304,1.8305498
236416,0.125,2.098750889076251e-05,0.002876178041079296,1.7623892
236480,0.125,9.694154143935169e-06,0.00783696655487683,1.7859906
236544,0.125,9.215129149976994e-06,0.00603191040981471,1.6618435
236608,0.125,4.12693266009751e-06,0.0070272081367987824,1.7012622
236672,0.125,1.2231422927753684e-05,0.00708688627128886,1.7460929
236736,0.125,4.38960488774377e-06,0.00432503683056796,1.6570626
236800,0.125,7.598803406223323e-06,0.003968694236158128,1.7041098
236864,0.125,9.696926270424731e-06,0.0065352888516622964,1.7049941
236928,0.125,2.1429574871114807e-05,0.005096855751786532,1.6425022
236992,0.125,9.808490545967062e-06,0.005411066907568221,1.694638
237056,0.125,4.807821450451954e-06,0.004611271277031846,1.6795739
237120,0.125,5.842922129810988e-06,0.005103005986921976,1.6926106
237184,0.125,6.1786008430559095e-06,0.005099923619165084,1.8645905
237248,0.125,9.523346474509509e-06,0.0039945662384511995,1.8500829
237312,0.125,3.933022971549573e-06,0.0024924764900147995,1.7853858
237376,0.125,2.039965716445236e-06,0.0044724996827560206,1.8086102
237440,0.125,7.519175180989126e-06,0.003291376824582348,1.7458593
237504,0.125,5.14039009882526e-06,0.0037223900994432153,1.9738168
237568,0.125,5.323311999894008e-06,0.004882426991555869,1.9121253
237632,0.125,7.0811782206211134e-06,0.0030881977173723074,1.9063165
237696,0.125,1.2345995820770777e-05,0.003727644195865356,1.8988278
237760,0.125,9.530841981324692e-06,0.004649741833110864,1.9821966
237824,0.125,1.78810755710352e-05,0.004374443231344417,1.955299
237888,0.125,8.000534259899704e-06,0.004399641514243232,2.0104775
237952,0.125,8.634501780512525e-06,0.005157988562650852,1.9506449
238016,0.125,5.4070361987252485e-06,0.0032973205631888574,1.9073594
238080,0.125,5.402679055119907e-06,0.0035926900850417063,1.9343231
238144,0.125,4.753360745113744e-06,0.0065505990298192,1.9700903
238208,0.125,9.246896575612998e-06,0.0046985519619917445,1.976873
238272,0.125,6.706710069512756e-06,0.004899597675261834,2.0002632
238336,0.125,7.082334821794704e-06,0.004008688506134223,2.0468621
238400,0.125,7.368647452010063e-06,0.004442082087388589,1.9292234
238464,0.125,1.0616037353090857e-05,0.0041765053513253105,1.9591519
238528,0.125,1.4265601962600058e-05,0.0026799612828139903,1.8836999
238592,0.125,2.810345983138262e-05,0.002903955229993045,1.9456238
238656,0.125,6.482786937653847e-06,0.003241137941624594,1.9778365
238720,0.125,4.223078110364514e-06,0.0030816288580279767,1.9299377
238784,0.125,1.4076373226217812e-05,0.002572763450260377,1.8811392
238848,0.125,1.1404555356844858e-05,0.004940239946721416,2.0235596
238912,0.125,7.399999694944505e-06,0.00391233683300011,1.9831114
238976,0.125,1.0843015664865729e-05,0.0033192473533060953,1.9496518
239040,0.125,3.934047366576053e-06,0.005083172044904065,1.9803286
239104,0.125,7.224865172372111e-06,0.005608556978453853,1.9925954
239168,0.125,1.2663778387490625e-05,0.00575385597786633,1.8853734
239232,0.125,2.851955194332337e-05,0.005696052164863838,1.929992
239296,0.125,7.0455950413290105e-06,0.0035876468142820544,1.8998628
239360,0.125,1.4510015225178733e-05,0.00240224546893856,1.8648368
239424,0.125,5.895558519305245e-06,0.007656860219915009,1.7731259
239488,0.125,9.810589849521378e-06,0.004928163140373791,1.7057091
239552,0.125,1.168167176426666e-05,0.006156216416151232,1.6751915
239616,0.125,3.111578361814523e-05,0.0057523468112765964,1.7372152
239680,0.125,5.600868532171494e-06,0.003536289468762191,1.759756
239744,0.125,1.2220178229653204e-05,0.006227486865895537,1.8055028
239808,0.125,1.3080488515495719e-05,0.007811193926848899,1.750172
239872,0.125,8.007181551083188e-06,0.004194678594195348,1.8023762
239936,0.125,3.768412029849413e-05,0.0043776593373483965,1.779579
240000,0.125,5.081627158839505e-06,0.0032533391929387427,1.7798715
240064,0.125,1.0364115828446436e-05,0.0037450111709505115,1.6541361
240128,0.125,6.5621851803808926e-06,0.004479880841590134,1.7200428
240192,0.125,2.1712014672889644e-05,0.006018130411364416,1.6474983
240256,0.125,8.404794576943553e-06,0.004056320583799451,1.8532902
240320,0.125,1.6958091832996064e-05,0.005378203325244539,1.8127207
240384,0.125,9.798702261592426e-06,0.0032897974787192237,1.6874553
240448,0.125,1.216926722075698e-05,0.0051771896564651535,1.7497993
240512,0.125,1.0650357996261145e-05,0.004939586224354706,1.7332832
240576,0.125,1.0877742630374665e-05,0.0062052502562919745,1.7698274
240640,0.125,8.759758729269918e-06,0.003030130067764542,1.7973478
240704,0.125,9.31211051905936e-06,0.006027968570200253,1.7612811
240768,0.125,1.3106589569927546e-05,0.004746236651598749,1.7261605
240832,0.125,2.2352114678108266e-05,0.006575493220563144,1.7193149
240896,0.125,9.458966203736068e-06,0.0027374970934918716,1.6752892
240960,0.125,4.952543076148434e-06,0.0033832044866651447,1.6710328
241024,0.125,1.4441562612021505e-05,0.004194653229105516,1.7418098
241088,0.125,4.688067359116678e-06,0.0053152588171875735,1.7212065
241152,0.125,2.2552119851859675e-06,0.0049034886446105335,1.6831716
241216,0.125,8.22116843935744e-06,0.0056810389157539035,1.6768599
241280,0.125,1.2071643622990053e-05,0.008096635995929647,1.8340616
241344,0.125,2.0152111513002912e-05,0.0030504893264803757,1.8133242
241408,0.125,4.007752252719123e-06,0.003662730758051612,1.7917969
241472,0.125,4.085153776506564e-06,0.005270690324245685,1.7847127
241536,0.125,5.272866138745913e-06,0.004450239569515557,1.7172477
241600,0.125,5.674248911735222e-06,0.005068170189255646,1.719359
241664,0.125,9.818877268138668e-06,0.005618206821449811,1.7262468
241728,0.125,1.723560238276617e-05,0.0041014991836598345,1.705223
241792,0.125,1.0984606479347388e-05,0.004711139265999298,1.7335346
241856,0.125,4.2400382810288535e-05,0.006107496607639928,1.7234951
241920,0.125,8.958758182035212e-06,0.0055615400346703875,1.7228681
241984,0.125,2.1467948744828865e-06,0.0037009554905285806,1.8109486
242048,0.125,4.342502134653449e-06,0.0029171418310275565,1.7627885
242112,0.125,9.756986178726498e-06,0.006509439328638522,1.7631906
242176,0.125,9.848321606715354e-06,0.004989739059937173,1.7425596
242240,0.125,1.3144974717197177e-05,0.00347337499301411,1.734052
242304,0.125,1.3157873082897281e-05,0.0034934766803425585,1.811517
242368,0.125,9.932565203820448e-06,0.0063588025128505,1.764541
242432,0.125,4.307883107430807e-06,0.006522553224570109,1.7559211
242496,0.125,5.858858886719045e-06,0.00434579586843909,1.7340914
242560,0.125,1.6960523204501605e-05,0.0037214364497171483,1.7444379
242624,0.125,5.67852170703198e-06,0.00489471522220343,1.7721169
242688,0.125,6.21615334622438e-06,0.006928098610422839,1.7791529
242752,0.125,7.455030444094006e-06,0.005965508552099432,1.777947
242816,0.125,1.991955522504752e-05,0.006570788364764274,1.7772121
242880,0.125,1.5264433938456438e-05,0.0030992861733023227,1.7742702
242944,0.125,7.94582782480299e-06,0.008417741880797846,1.7760872
243008,0.125,1.0664395975337661e-05,0.004791725841749907,1.7674783
243072,0.125,1.3316187677941834e-05,0.003709626953453145,1.7754513
243136,0.125,2.4629252699617644e-05,0.0060246468516135365,1.7409474
243200,0.125,1.0312339932929196e-05,0.005443592782324219,1.7998102
243264,0.125,5.860830388667321e-06,0.004322922587881652,1.7450598
243328,0.125,4.481354760479155e-06,0.003939117756148534,1.7180917
243392,0.125,5.7479555721960365e-06,0.0067964236938217685,1.767504
243456,0.125,9.47689181219274e-06,0.004830848089001036,1.7289023
243520,0.125,8.844017231090361e-06,0.0042860348900261415,1.7466524
243584,0.125,8.593107085837789e-06,0.0029710927481193064,1.7344722
243648,0.125,9.37782227774612e-06,0.005335328597591042,1.7896178
243712,0.125,1.2009196780720787e-05,0.00483764541547433,1.7592387
243776,0.125,1.167221651270168e-05,0.005685989957405059,1.7870936
243840,0.125,8.437022438183568e-06,0.0076307346155708245,1.7621661
243904,0.125,4.955181981492163e-06,0.00374553519161108,1.7572266
243968,0.125,1.8558272121976717e-05,0.006012387394710989,1.8166752
244032,0.125,3.820171406901999e-06,0.00767756296655857,1.7476077
244096,0.125,1.063109446131826e-05,0.007896756284293389,1.7976378
244160,0.125,3.6713595851865844e-06,0.005219603009254185,1.8144553
244224,0.125,1.6057701244623142e-05,0.006875290587551241,1.6960785
244288,0.125,8.961859067283856e-06,0.005742652898999024,1.6274035
244352,0.125,1.2360568052096142e-05,0.008828480091121043,1.6215448
244416,0.125,1.7728359331828392e-05,0.01838943977289711,1.810522
244480,0.125,6.529679561016863e-06,0.01077393355849884,1.6718439
244544,0.125,9.770639297415752e-06,0.008266450711440245,1.8845016
244608,0.125,1.3330578857679832e-05,0.006113527060830586,1.9233018
244672,0.125,1.076981817396694e-05,0.004354240200092156,1.8113128
244736,0.125,5.048532078046487e-06,0.0036674855929138437,1.9050404
244800,0.125,5.335540055423712e-06,0.005409404008808343,1.9472226
244864,0.125,1.1406486388383839e-05,0.008319985491441653,1.9421213
244928,0.125,4.808090309111375e-06,0.004059745967262948,1.9524258
244992,0.125,1.8830039269056896e-06,0.005716801411839917,1.8899356
245056,0.125,7.727159051790162e-06,0.005582507870566952,1.889055
245120,0.125,9.747125023874747e-06,0.00597822665103077,1.8171881
245184,0.125,2.897660762818833e-05,0.006303481237724916,1.813337
245248,0.125,7.650539447758703e-06,0.005287522995245734,1.8099747
245312,0.125,5.716149082789996e-06,0.004215144114543351,1.8548381
245376,0.125,5.129778636721205e-06,0.005388767637972021,1.8414308
245440,0.125,7.098921141686064e-06,0.003696792420194534,1.8350062
245504,0.125,7.091925510798577e-06,0.00373134168419931,1.8858103
245568,0.125,8.93192535899438e-06,0.007842189968726326,1.8403722
245632,0.125,6.752349060162779e-06,0.004198716686068466,1.7273828
245696,0.125,9.77178077474762e-06,0.00721879563043713,1.826285
245760,0.125,2.383511940477156e-05,0.007197498727884147,1.7349998
245824,0.125,1.888281595065396e-05,0.01201636315052717,1.8174416
245888,0.125,2.6423060827121695e-05,0.004390917889683831,1.7751522
245952,0.125,1.2290766642624786e-05,0.005171910027766071,1.7534719
246016,0.125,1.188340532767226e-05,0.00355816280945251,1.8255125
246080,0.125,6.616989408568295e-06,0.003476638570332395,1.8296182
246144,0.125,1.067822145212685e-05,0.0060537666139347775,1.895535
246208,0.125,6.986395378423901e-06,0.004921264517570037,1.7835467
246272,0.125,9.801832083126669e-06,0.005473228721992379,1.781223
246336,0.125,8.371843163721007e-06,0.004366413726764817,1.7908181
246400,0.125,4.226624517161898e-06,0.0053783316475501455,1.9829571
246464,0.125,2.0116404970921857e-05,0.005128899943872409,1.9459867
246528,0.125,6.1429816346806015e-06,0.004285281498572791,1.8781079
246592,0.125,4.166715256701183e-05,0.005112265475130036,1.8735718
246656,0.125,5.028018099052194e-06,0.004234036322398317,1.8560982
246720,0.125,1.512157680001785e-05,0.002874257669478555,1.8588839
246784,0.125,3.930374768965109e-06,0.004807184578145642,1.8606874
246848,0.125,1.1872611625785806e-05,0.004407960759900673,1.8521692
246912,0.125,4.3494427906645226e-06,0.004730996442031215,1.8491224
246976,0.125,6.5024745911559505e-06,0.005205985604725453,1.8869412
247040,0.125,2.3040020326606812e-05,0.00490048531681166,1.7933025
247104,0.125,8.803563975129988e-06,0.005362584641817707,1.8863927
247168,0.125,5.442059527171117e-06,0.0031786592247359316,1.9425752
247232,0.125,2.0006017961177065e-05,0.004238370428718972,1.8654006
247296,0.125,9.461591726796752e-06,0.005339173708311848,1.8470397
247360,0.125,5.23652697588343e-06,0.004345179345245936,1.875978
247424,0.125,1.69350075151384e-05,0.007700163069146814,1.862137
247488,0.125,7.725716530780315e-06,0.007069377891856816,1.8295459
247552,0.125,6.9467671429947e-06,0.0042527604745276944,1.8698348
247616,0.125,4.608784087220919e-06,0.0024367816371166496,1.8980793
247680,0.125,9.425975653213492e-06,0.0047776707053246,1.9298078
247744,0.125,7.030137388526742e-06,0.0038095883839970083,1.8845633
247808,0.125,2.0899989938324834e-06,0.002860165503246088,1.8939457
247872,0.125,7.839225888286968e-06,0.004051953733531307,2.2686338
247936,0.125,1.8363977837269672e-05,0.007335577136783116,2.1236022
248000,0.125,1.2417983568506533e-05,0.008254342648165531,2.0427306
248064,0.125,5.60903261915463e-06,0.0037933591832421797,2.0876868
248128,0.125,1.3688343176940595e-05,0.0033887675536823252,2.1630206
248192,0.125,5.945673261676637e-06,0.00423220748981365,2.1558783
248256,0.125,1.9083462973174155e-05,0.004549424286340255,2.1388144
248320,0.125,6.588432094449817e-06,0.005476986710807373,2.0369892
248384,0.125,1.319014256789436e-05,0.005046400990637869,2.0304441
248448,0.125,6.629485538063418e-06,0.006922323671573518,2.0957997
248512,0.125,8.001015224672685e-06,0.005595968366926566,2.1577623
248576,0.125,1.5204150868937288e-05,0.006248602630536677,2.1335757
248640,0.125,7.931173718154249e-06,0.005401320899530742,2.163409
248704,0.125,6.895553531513005e-06,0.003507316575170775,2.2324266
248768,0.125,3.722909019099057e-05,0.006478605169816022,2.1515796
248832,0.125,9.539607716953071e-06,0.006325136711490733,2.0714655
248896,0.125,1.3469037175744893e-05,0.004744501021401711,2.1262708
248960,0.125,9.00292207181542e-06,0.005147226794786887,2.1774776
249024,0.125,8.214318352973294e-06,0.003970602529180171,2.0309186
249088,0.125,4.432955265863098e-06,0.005743706549870654,1.9670826
249152,0.125,1.9866818344804366e-06,0.0025166457645719063,1.9884943
249216,0.125,3.387590389986733e-05,0.004750000319863189,2.0144894
249280,0.125,1.1974378133309779e-05,0.006195547061069117,1.999379
249344,0.125,5.9962961233704135e-06,0.003328150264112474,1.9914855
249408,0.125,5.435192515633788e-06,0.004012746576986172,1.9917784
249472,0.125,4.800454668258715e-06,0.004723807921689135,2.0204968
249536,0.125,6.08010960648536e-06,0.0046484676726707445,2.091884
249600,0.125,4.92947326190204e-06,0.0043173107942969,1.9900182
249664,0.125,6.616792110024008e-06,0.004199902408314046,2.0432396
249728,0.125,7.120552396878431e-06,0.004851643904379493,2.098435
249792,0.125,1.8204944636961596e-05,0.003965567219013896,2.0921867
249856,0.125,5.290051735131442e-06,0.005025006996036584,2.0593562
249920,0.125,9.626477420634817e-06,0.005859071182133332,2.0665283
249984,0.125,1.6949980095364452e-05,0.004400664542249833,2.0180929
250048,0.125,1.62668725157376e-05,0.004434957515683713,2.069465
250112,0.125,5.583944038241432e-06,0.0043454737876591045,1.9835802
250176,0.125,1.490324992458476e-05,0.006689980073665991,1.937854
250240,0.125,1.1045281915601373e-05,0.006527891170434769,1.9499713
250304,0.125,6.675406679976227e-06,0.005540101464118804,1.9673679
250368,0.125,5.664939714856847e-06,0.006490169203940537,2.075702
250432,0.125,4.198881877988285e-06,0.004751134495063073,2.007213
250496,0.125,5.823634598919019e-06,0.004012528926288927,2.0166035
250560,0.125,4.6592162295663174e-06,0.0037888267374626594,2.024714
250624,0.125,6.253230668682715e-06,0.004856571216311606,1.9086324
250688,0.125,3.1621285195415628e-06,0.0028620767326961376,1.9361769
250752,0.125,9.392408969102454e-06,0.005360562339051575,1.9479464
250816,0.125,1.1061614578894003e-05,0.005371082433838782,1.9532014
250880,0.125,1.1649097819975342e-05,0.0041912492270593646,1.9733633
250944,0.125,3.493309920865024e-06,0.002787015891095825,1.9787874
251008,0.125,1.0093441323816086e-05,0.006307500632740383,1.957295
251072,0.125,1.171995536557885e-05,0.003042819518125178,1.9450405
251136,0.125,1.1834751200888803e-05,0.004423122415785743,1.9520253
251200,0.125,1.0591940634800976e-05,0.006744614814530312,2.2164042
251264,0.125,6.093835329970139e-06,0.003909029386255468,2.181508
251328,0.125,6.397672796229798e-06,0.005275596498944961,2.2400184
251392,0.125,4.566448086495871e-06,0.005055682264455501,2.1243877
251456,0.125,1.220715976325715e-05,0.005146051664050973,2.1758444
251520,0.125,7.93798921688892e-06,0.005536030709542115,2.0362864
251584,0.125,5.154361434106169e-06,0.00544593289554177,2.0692365
251648,0.125,8.242121772667005e-06,0.005594824502943655,2.0918226
251712,0.125,9.945585069031292e-06,0.005853752145988519,2.0331302
251776,0.125,1.6649102445068785e-05,0.002504909422011247,2.0538368
251840,0.125,8.655083836302193e-06,0.003651053130440785,2.0805974
251904,0.125,1.6346108608040315e-05,0.004820000829873136,2.1032913
251968,0.125,9.46249518499818e-06,0.0062246318940204605,2.0145907
252032,0.125,6.3375493302441605e-06,0.0036006863655178543,1.9285955
252096,0.125,8.881237498263726e-06,0.005706431589024054,1.9512291
252160,0.125,6.9701638965708825e-06,0.004193765474706418,1.8770669
252224,0.125,8.89355358716256e-06,0.0050063710068891315,1.8364938
252288,0.125,4.181343139817961e-06,0.0033840320820287006,1.8824507
252352,0.125,5.185866671491833e-06,0.003146243001711033,1.8788134
252416,0.125,5.353516621598681e-06,0.002788617126306138,1.8826108
252480,0.125,1.6463210044568135e-05,0.0062883949928362465,1.8976041
252544,0.125,1.4127998134645364e-05,0.003046677837969959,1.9143714
252608,0.125,5.696741773286611e-06,0.005550659879747127,1.8564413
252672,0.125,1.0279579300869435e-05,0.005477378370355216,2.212977
252736,0.125,3.3086164379626163e-06,0.0046008877649550035,1.9786123
252800,0.125,4.784472199798937e-06,0.005700713597559416,1.8919464
252864,0.125,5.226449446229648e-06,0.004002421712832291,1.9765121
252928,0.125,4.717007779566082e-06,0.004843341708003159,1.9502496
252992,0.125,6.304151136450599e-06,0.004004953900971339,1.9700767
253056,0.125,5.114190264776442e-06,0.005582963291436473,2.0298607
253120,0.125,7.609514246815158e-06,0.0038325698918313116,2.0903811
253184,0.125,1.0988142984531483e-05,0.0035209760620209785,2.055987
253248,0.125,5.205150905956508e-06,0.0031567986460896576,2.0147877
253312,0.125,9.49759688825258e-06,0.006960716711739244,2.1037004
253376,0.125,5.975671459512291e-06,0.004940856719614314,2.0608265
253440,0.125,1.4107405749585607e-05,0.004459673985645873,2.0433662
253504,0.125,1.500633738300214e-05,0.008311099233689868,1.9873909
253568,0.125,1.750676557452259e-05,0.005601790133969843,2.0303912
253632,0.125,5.414611814860548e-06,0.003733719144027252,2.0307872
253696,0.125,1.0902572242215888e-05,0.005307367017823335,1.9415433
253760,0.125,5.249162367137752e-06,0.004048397485586497,2.135668
253824,0.125,2.5510726382121554e-05,0.007700184032480229,1.9160604
253888,0.125,4.0794186137360445e-06,0.0037875343691985836,1.8738127
253952,0.125,1.0876138772548827e-05,0.00555847631396299,1.8671067
254016,0.125,9.108218131265858e-06,0.004548675929756648,1.7769927
254080,0.125,1.1389007881007765e-05,0.003671659510147839,1.8145391
254144,0.125,6.074904822215553e-06,0.00351939653877528,1.7863251
254208,0.125,2.0550594327744647e-05,0.019864378710293996,1.8654461
254272,0.125,1.0301824041399822e-05,0.006184830121115242,2.049844
254336,0.125,1.3863562130210665e-05,0.005442643503497782,2.0371034
254400,0.125,2.768919691026818e-06,0.0042841650879958055,1.974622
254464,0.125,8.369965998060542e-06,0.007816210675307985,1.9478343
254528,0.125,2.7026788783835414e-06,0.004362244702377571,2.0880978
254592,0.125,3.117219474620588e-06,0.004577152594418704,2.1099408
254656,0.125,1.0648256524763659e-05,0.0065068845267917405,2.038549
254720,0.125,6.508257589870591e-06,0.0033632502745021774,2.0003788
254784,0.125,3.5399048106397242e-06,0.0033404534594214477,1.9270868
254848,0.125,8.902736774029011e-06,0.0043207219276566195,1.8490423
254912,0.125,3.8688476987046526e-05,0.006709107607443888,1.9250478
254976,0.125,1.180474368167612e-05,0.005112429662416935,1.9826895
255040,0.125,1.392148313251201e-05,0.006109063156184903,2.0159795
255104,0.125,6.99295933716553e-05,0.005656873987476268,2.0327513
255168,0.125,1.1498015989081889e-05,0.004754543973561716,2.18745
255232,0.125,6.919076824899876e-06,0.005080463745739235,2.2009895
255296,0.125,1.4862953511879252e-05,0.0022212567378498463,2.0029185
255360,0.125,1.306104159062054e-05,0.005257387049677643,2.05684
255424,0.125,5.145076055449235e-06,0.004252482286981125,2.0259993
255488,0.125,5.33407156860942e-06,0.005340061852820176,2.0058303
255552,0.125,8.12912300900885e-06,0.0037393912125133905,1.9642366
255616,0.125,1.630987768648232e-05,0.004922912914087929,1.94807
255680,0.125,1.0613363489174916e-05,0.004768244331100414,2.0249438
255744,0.125,3.996872600563609e-05,0.006739990588335113,1.9169093
255808,0.125,1.2997173252088861e-05,0.005005751375842204,1.9342334
255872,0.125,1.48578332019898e-05,0.005987261194077915,1.9284551
255936,0.125,1.7688079079380946e-05,0.0035469962670196427,1.8145629
256000,0.125,4.508718340682072e-06,0.004940325645228166,1.8245839
256064,0.125,3.1711103969635347e-06,0.0027091987841029916,1.8442516
256128,0.125,1.4212751073884376e-05,0.0069117919646368205,2.2744844
256192,0.125,3.0360126089289226e-06,0.0038863679960038453,2.0846808
256256,0.125,5.337027429472183e-06,0.003987359851399666,2.2281501
256320,0.125,4.615501227346326e-06,0.002716369233591699,2.023159
256384,0.125,9.66740061440363e-06,0.0028471471730748743,1.7851102
256448,0.125,3.191842863550411e-05,0.0036586828312277346,1.8247515
256512,0.125,1.1543789692925778e-05,0.0032874435121186658,1.8464252
256576,0.125,1.7782519692425094e-05,0.006460444040536051,2.060764
256640,0.125,3.359394074007985e-05,0.00982341262253243,1.8953452
256704,0.125,1.783987243822125e-05,0.004959931048886366,1.8830972
256768,0.125,5.649913910542527e-06,0.00476224880418138,2.1664596
256832,0.125,2.2733651676235585e-05,0.004838519373979918,1.9970284
256896,0.125,5.74836052359409e-06,0.0037032688316205025,1.9916971
256960,0.125,8.15510152564514e-06,0.006829255762444029,2.05997
257024,0.125,5.248957265849547e-06,0.0059383128139917805,1.9359719
257088,0.125,1.3775827915625879e-05,0.0036437251063183855,1.9538817
257152,0.125,4.4902589474858396e-05,0.00400787448450263,1.9600853
257216,0.125,1.778821042824168e-05,0.004726250273663093,1.9137484
257280,0.125,1.0756353943105656e-05,0.00567524341553233,1.9019047
257344,0.125,1.7700438160632312e-05,0.0031639202352783486,1.9207925
257408,0.125,2.2804836411997507e-05,0.003495378260317042,1.991099
257472,0.125,6.722786727973451e-06,0.0034886925020341025,1.9172221
257536,0.125,1.6263937753876484e-05,0.004074650444072458,1.9308032
257600,0.125,3.8863877991260504e-06,0.0025877016130204473,2.0839612
257664,0.125,1.4581178316062059e-05,0.0029649368339720937,1.9890814
257728,0.125,8.11991029614892e-06,0.0058725082521758135,1.9571058
257792,0.125,7.977869206309847e-06,0.004458094649392058,1.845958
257856,0.125,7.610265919325837e-06,0.004256753224859161,1.8489506
257920,0.125,8.061986978632296e-06,0.004976802964490426,1.8418494
257984,0.125,6.933285217848467e-06,0.0037146186097787993,1.7220544
258048,0.125,5.304033705196518e-06,0.003994459066278949,1.700628
258112,0.125,8.18657015061698e-06,0.003558598704035425,1.700508
258176,0.125,3.5359077912048556e-06,0.0029006892579328107,1.710276
258240,0.125,3.29835732151744e-05,0.003781137408458151,1.8430332
258304,0.125,9.069237856331532e-06,0.009528862600262243,1.9554344
258368,0.125,5.674424827684458e-06,0.0048868495501154545,1.8576595
258432,0.125,1.1587533145436628e-05,0.005055395713986036,1.8875924
258496,0.125,4.717665064687142e-06,0.005434318408291892,1.8444397
258560,0.125,7.738684065158234e-06,0.004154818186696669,1.7653406
258624,0.125,7.792516503219942e-06,0.0034475984008217955,1.7064037
258688,0.125,5.623137751172698e-06,0.0033070263844693186,1.7208762
258752,0.125,9.571805643207368e-06,0.004735210369634858,1.7232233
258816,0.125,3.602872640311587e-05,0.003931574189622637,1.7035042
258880,0.125,3.7389238683731316e-06,0.0034676451005894032,1.7013704
258944,0.125,6.155361359340916e-06,0.0057365931565631365,1.6747875
259008,0.125,8.261183432409796e-06,0.004028108071070802,1.6779255
259072,0.125,7.828880507778155e-06,0.008503417372661984,1.7233073
259136,0.125,4.110176042570094e-06,0.003533377428786761,1.6922414
259200,0.125,7.531626459961111e-06,0.0023916837453667543,1.6496624
259264,0.125,5.723971679506018e-06,0.002582006510879937,1.6697093
259328,0.125,3.566416920713456e-06,0.002713993338490432,1.646528
259392,0.125,1.0648418986707939e-05,0.0030079306580093894,1.6990565
259456,0.125,4.80834852533859e-06,0.0036169729116761755,1.7696462
259520,0.125,6.2064205553592365e-06,0.004419468395615587,1.7978356
259584,0.125,1.7859837923979347e-05,0.007309736922041329,1.8346763
259648,0.125,2.1303565266804758e-05,0.00531084920146675,1.7965624
259712,0.125,9.465322037688623e-06,0.0038705808608561904,1.7935094
259776,0.125,1.0248879648249341e-05,0.004203708588338777,1.8004802
259840,0.125,1.4908766031016346e-05,0.003794753715653544,1.7837276
259904,0.125,3.828139727011276e-06,0.003181783591605393,1.7460474
259968,0.125,1.0101838296977601e-05,0.004298414943368441,1.7980193
260032,0.125,1.1600110951035583e-05,0.004633175065732138,1.8209803
260096,0.125,4.8822943405076066e-06,0.004908014035587717,1.827857
260160,0.125,8.676141626902256e-06,0.0031312443706925245,1.8970101
260224,0.125,9.833712445208911e-06,0.006522022987841676,1.7996793
260288,0.125,4.633998460296348e-06,0.0026901542726069255,1.8014942
260352,0.125,9.727217901809327e-06,0.0034983142060730763,1.7439725
260416,0.125,7.870071712234679e-06,0.00528727480521953,1.7974238
260480,0.125,6.491647044068341e-06,0.0034022095041263277,1.6980002
260544,0.125,2.0527584264449405e-05,0.003730950729419912,1.8525666
260608,0.125,5.806788363344531e-06,0.0038795505327874546,1.8167186
260672,0.125,3.5181768261858584e-05,0.0031274713810369352,1.8010662
260736,0.125,4.933390767910007e-06,0.004522800405424028,1.7591057
260800,0.125,1.734274517043048e-05,0.005136060698304629,1.8394951
260864,0.125,4.4651270973999446e-06,0.0033529631237355943,1.8284558
260928,0.125,2.843426706171217e-06,0.002652812155060042,1.8083112
260992,0.125,4.980851606409402e-06,0.0033860460006681706,1.7839152
261056,0.125,7.548693359673474e-06,0.0032384492049734497,1.767934
261120,0.125,9.534874193052117e-06,0.00711979022961709,1.9107873
261184,0.125,9.08582958661845e-06,0.005196726970516626,1.9024264
261248,0.125,1.2776618009086575e-05,0.006156511577008971,1.8512815
261312,0.125,3.5369526177071606e-05,0.004067289271756912,1.7878561
261376,0.125,7.403083898139182e-06,0.004774802647941781,1.8212868
261440,0.125,8.473398368946409e-06,0.004618618672373549,1.7484471
261504,0.125,5.56001812902967e-06,0.004425282506179873,1.7963458
261568,0.125,5.617241811190953e-06,0.004833557633866634,1.8155936
261632,0.125,9.667218659230546e-05,0.005470231759380069,1.7391845
261696,0.125,8.506663220445405e-06,0.011614503782809477,1.7137192
261760,0.125,3.0347339967420676e-05,0.007716730208589594,1.7127304
261824,0.125,6.5105159879613e-06,0.003335688938352951,1.7710525
261888,0.125,7.69995867584502e-06,0.0026134956154316162,1.7232369
261952,0.125,3.0074556597207465e-06,0.0030995981380886875,1.6701052
262016,0.125,3.906109033918611e-06,0.0036474595626202685,1.7182028
262080,0.125,7.536387569388852e-06,0.003153690829176611,1.6781825
262144,0.125,7.17956982182019e-06,0.0031686234415299486,1.7668074
262208,0.125,7.744021849550571e-06,0.005789860266580682,1.804283
262272,0.125,1.0327964860318256e-05,0.004541459553421084,2.2547436
262336,0.125,4.817872942456741e-06,0.0045317442669990824,2.2190626
262400,0.125,4.181538497685899e-06,0.0025902383750445786,2.2042801
262464,0.125,1.7407702468791433e-05,0.004351106086498021,1.9964412
262528,0.125,3.4945921535675673e-06,0.002214285410905553,1.7488894
262592,0.125,4.552849783107677e-06,0.0039912911696405404,1.7680517
262656,0.125,2.684797305133582e-06,0.0031078112776802367,1.7640761
262720,0.125,2.274559120238308e-05,0.004501298836309392,1.7648319
262784,0.125,7.948536182456889e-06,0.0030702426579268293,1.7599139
262848,0.125,5.515208342574612e-05,0.0031512180624896297,1.8172096
262912,0.125,5.343004750422765e-06,0.008761368605441322,1.9589643
262976,0.125,3.608877246726921e-06,0.003851330426372662,1.8963258
263040,0.125,7.171925172566901e-06,0.005626321555335644,1.7366948
263104,0.125,4.6835031184644635e-06,0.003539169077538096,1.7953652
263168,0.125,4.884948663610927e-06,0.005363369041447416,1.7281077
263232,0.125,1.3316267875668771e-05,0.003317458575845556,1.8384217
263296,0.125,5.068220967077398e-06,0.004599495652485851,1.7774805
263360,0.125,1.0805827764492212e-05,0.005172231632587551,1.8303736
263424,0.125,2.5471293176978534e-05,0.007554514325044944,1.8196925
263488,0.125,3.3105323666879875e-06,0.0034113929245495303,1.7995565
263552,0.125,1.952142148102095e-05,0.005331521971471144,1.8964251
263616,0.125,1.248945820616423e-05,0.002765906801357129,1.8452333
263680,0.125,4.4783638449899705e-06,0.003373302198354142,1.7832834
263744,0.125,1.1125808738664705e-05,0.0036349219557075857,1.7922652
263808,0.125,1.4149924851030588e-05,0.0033857488276897965,1.7924228
263872,0.125,1.7269025196752227e-05,0.0034369392953425685,1.7812905
263936,0.125,5.54200479397861e-06,0.0035178779375816243,1.7220573
264000,0.125,4.925217687991647e-06,0.003463626522608956,1.7676759
264064,0.125,5.700026351346972e-06,0.0030887289618817346,1.7305387
264128,0.125,1.0147875149244327e-05,0.004043492154949895,1.7372713
264192,0.125,4.0594896250128374e-06,0.003483875224512998,1.6784363
264256,0.125,9.784373044839107e-06,0.005180896998406431,1.7933799
264320,0.125,1.0631453807166611e-05,0.003497389715749731,1.8161323
264384,0.125,1.011731330708319e-05,0.004791506297860465,1.7587917
264448,0.125,7.916010757994107e-06,0.004688201445762804,1.794185
264512,0.125,7.603113107762958e-06,0.004435677586400501,1.7477046
264576,0.125,1.0655246814512188e-05,0.005539298536173153,1.7597802
264640,0.125,3.528746522111155e-06,0.0040525033554800185,1.774926
264704,0.125,4.930994375173104e-06,0.004460211915709466,1.7801881
264768,0.125,1.1404659140909634e-05,0.0036503379778189786,1.7322809
264832,0.125,6.649328129609913e-06,0.0036375070283432374,1.8120679
264896,0.125,5.25830035110483e-06,0.006290107544621273,1.7210766
264960,0.125,8.966330735124282e-06,0.004377742289093081,1.8079906
265024,0.125,2.703756730139691e-05,0.004385379407983877,1.739143
265088,0.125,1.7767050862408836e-05,0.003971667707278482,1.7038919
265152,0.125,3.7300280475532794e-06,0.004482454884657531,1.7735473
265216,0.125,1.1666667110815655e-05,0.00773630255766515,1.7700653
265280,0.125,8.404395538380958e-06,0.005771359650935524,1.7860659
265344,0.125,5.246830579642346e-06,0.0032456009356599796,1.7567769
265408,0.125,1.1617026866121667e-05,0.0025772676718971385,1.7888412
265472,0.125,1.8440282103373887e-05,0.010766706033472073,1.8629658
265536,0.125,6.854340051523333e-06,0.00685797083595921,1.8837137
265600,0.125,9.827711191819677e-06,0.003935791941479262,1.7964718
265664,0.125,5.461334721539752e-06,0.004051687212530826,1.7919654
265728,0.125,7.009706178839619e-06,0.004283207212973321,1.7987419
265792,0.125,1.6021061466578034e-06,0.0033862198485768305,1.818771
265856,0.125,9.792421347353174e-06,0.004712775497032261,1.8341357
265920,0.125,1.1000027450717336e-05,0.0034686429114500284,1.8195132
265984,0.125,1.328485524192749e-05,0.004759783292009204,1.8345097
266048,0.125,1.740951105438836e-05,0.003239877719426966,1.8164486
266112,0.125,8.435829681074992e-06,0.0031365358790010614,2.0897453
266176,0.125,6.170934166912449e-06,0.004763516048651002,1.82269
266240,0.125,4.819489726219063e-06,0.003391963822964116,1.7927277
266304,0.125,1.0457599691471174e-05,0.003631215023793661,1.7605001
266368,0.125,9.42830643366991e-06,0.002628230951856444,1.7720698
266432,0.125,4.867914380661185e-06,0.0028436828237169,1.8730409
266496,0.125,6.536486161336885e-06,0.0028101284237115674,1.9029815
266560,0.125,6.329766976891025e-06,0.0064958316192187384,1.8557166
266624,0.125,1.0717477217098652e-05,0.00473934353888955,1.8349383
266688,0.125,1.3681070043916657e-05,0.005311068471510653,1.8694344
266752,0.125,1.4043723181744302e-05,0.00401890975024276,1.8619146
266816,0.125,1.146967367317002e-05,0.003540485985998122,1.977752
266880,0.125,4.478501678109913e-06,0.00294286380565758,1.8909616
266944,0.125,3.0796231719948834e-06,0.0043218483362167555,1.8761212
267008,0.125,7.876373693364028e-06,0.005507304558065373,1.7883023
267072,0.125,3.3286642119317137e-06,0.004066793536059838,1.857679
267136,0.125,3.1746938045382177e-06,0.00429913841848475,1.8421894
267200,0.125,8.307023092863918e-06,0.007425807137614303,1.8567455
267264,0.125,5.231587673584368e-06,0.003940115479851011,1.8394668
267328,0.125,3.290426297381549e-05,0.004463404029247088,1.8513201
267392,0.125,3.288737708522701e-06,0.004312778570661856,1.8591477
267456,0.125,1.4032425494627693e-05,0.003693078700036457,1.8310418
267520,0.125,1.2485045447172116e-05,0.0040381844741210135,1.8150076
267584,0.125,8.809850574417318e-06,0.0035506155537897406,1.7875742
267648,0.125,9.681392584046256e-06,0.004468864609188667,1.8905218
267712,0.125,4.688491276381851e-05,0.00619692293308643,1.8437349
267776,0.125,3.4862360365579224e-06,0.003790938702716671,1.8133178
267840,0.125,5.239508688797292e-06,0.0036497125032539292,1.8545117
267904,0.125,4.550908294984919e-06,0.00564083841135934,1.9091034
267968,0.125,1.2958837629209695e-05,0.0048591349931973,2.0352795
268032,0.125,6.891610799117855e-06,0.003602520719347445,1.9591016
268096,0.125,1.4973094816093728e-05,0.004839084136506797,2.1013305
268160,0.125,3.134436289369058e-05,0.005457276483239588,2.0745363
268224,0.125,4.129488323971407e-06,0.006130638170057832,2.012441
268288,0.125,6.640881140707575e-06,0.0025203313590695447,2.058947
268352,0.125,8.323993723514857e-06,0.0026440954334429794,1.984884
268416,0.125,3.6255953763188387e-06,0.0026529955658893124,1.9819195
268480,0.125,4.892943843927778e-06,0.003482367464391994,2.0032313
268544,0.125,2.2874377424527563e-06,0.00416436179535422,1.9428633
268608,0.125,5.343829129008803e-06,0.003891383340277795,2.2826922
268672,0.125,8.707412919290575e-06,0.006096580817388854,2.2181437
268736,0.125,5.380133490193617e-06,0.004928049495693771,2.037473
268800,0.125,3.9339339026953845e-06,0.0033160434579487938,2.0590985
268864,0.125,8.289205349604704e-06,0.007730388898991548,2.0405357
268928,0.125,4.113794491017377e-06,0.0051662713139754585,2.0908182
268992,0.125,5.841759115426635e-06,0.004384429694822131,2.05003
269056,0.125,2.370011511649796e-05,0.010990367286532141,2.098624
269120,0.125,8.492087450154178e-06,0.008336878957235045,2.0177405
269184,0.125,1.2369583261295913e-05,0.006619814248581206,1.9433554
269248,0.125,5.408331426567427e-06,0.005693123287665009,1.98782
269312,0.125,6.032816041980334e-06,0.002931949876462273,1.9428016
269376,0.125,1.1450326170278937e-05,0.003321930283461206,2.0195904
269440,0.125,2.6713451513536385e-06,0.0027446678275955387,1.9790852
269504,0.125,1.2133533558748787e-05,0.0031675575092931342,1.9435855
269568,0.125,6.206255367714036e-06,0.00658391516469483,2.0571237
269632,0.125,7.921587806815327e-06,0.0039029727397822457,2.067929
269696,0.125,7.096286695977604e-06,0.005324580767447068,1.997709
269760,0.125,4.969245757356594e-06,0.00564459469702285,2.0025506
269824,0.125,5.843444319396306e-06,0.004045870054131302,1.9311857
269888,0.125,2.653782591095499e-06,0.0020595807244593437,1.8434515
269952,0.125,9.209291551357176e-06,0.0071050497194499245,1.8847786
270016,0.125,4.39971307320756e-06,0.005459178860891728,1.8792827
270080,0.125,7.542413334033452e-06,0.006860812976714979,1.8851707
270144,0.125,0.0001348139531665298,0.036479114926347554,1.9236101
270208,0.125,1.04584022681165e-05,0.01043960533831736,2.051874
270272,0.125,1.1828787786921647e-05,0.005041442126762249,2.1034696
270336,0.125,6.573132093832839e-06,0.004790718654741616,2.1270266
270400,0.125,5.448802470190769e-06,0.003948449181635918,2.0898697
270464,0.125,8.811583345823053e-06,0.003145256086778607,2.032955
270528,0.125,7.633078157373658e-06,0.0025225074477145232,2.030849
270592,0.125,9.318520020933834e-06,0.0048719512521885515,2.0254674
270656,0.125,2.025817390962769e-05,0.003800106365656958,2.058095
270720,0.125,5.227781061550277e-06,0.004422008585087324,2.1255903
270784,0.125,5.589083629263001e-06,0.004494646573492927,1.9642267
270848,0.125,2.221779475908998e-05,0.014853133670146616,2.0430095
270912,0.125,9.065326015407725e-06,0.0048636017051202005,2.2244222
270976,0.125,9.755771205143444e-06,0.004029267788767851,2.2501726
271040,0.125,5.184674585827105e-06,0.00428866906965209,2.199314
271104,0.125,3.2693742201974252e-06,0.003161958615191288,2.1771727
271168,0.125,2.149090253197304e-05,0.004089290318592864,2.1441631
271232,0.125,8.431745843626053e-06,0.004224485068761856,2.2252102
271296,0.125,9.716480864111616e-06,0.0035724306248837157,2.1367059
271360,0.125,8.887406600242036e-06,0.004116019961769379,2.0923638
271424,0.125,4.482164343848268e-06,0.004537467176729105,2.446735
271488,0.125,1.7829918360485516e-05,0.0029497062256250537,2.035401
271552,0.125,5.269690613191009e-06,0.005703224088795661,1.9425843
271616,0.125,7.722889565925818e-06,0.004060191516046152,2.0130625
271680,0.125,5.31446612376992e-06,0.0033130725240250744,2.0268211
271744,0.125,1.315406520146415e-05,0.0026317618378220685,2.0301664
271808,0.125,5.371771424453714e-06,0.0024101518781582242,1.9849051
271872,0.125,0.00013802480842567394,0.00410990536277596,2.047154
271936,0.125,1.464372700086848e-05,0.006614651950892908,2.2209792
272000,0.125,5.4472698638598655e-06,0.004027474292970505,2.0268598
272064,0.125,7.152396993854509e-06,0.006719900916813457,2.027409
272128,0.125,8.77808690832198e-06,0.004381419942503391,1.9925864
272192,0.125,7.5180031260851916e-06,0.004080796606678916,2.0161018
272256,0.125,1.3362516337219874e-05,0.004867103649740446,2.054381
272320,0.125,7.016858153056323e-06,0.003016608717356437,1.9281033
272384,0.125,3.5352082568333126e-06,0.004072890389403854,1.9300041
272448,0.125,3.1237939713632686e-05,0.0036958272606285314,1.9355392
272512,0.125,1.6219969113359963e-05,0.0036550774410680476,1.9381596
272576,0.125,5.057234632685712e-06,0.0025036429149593773,1.8557825
272640,0.125,7.77563228489958e-06,0.004899319903134891,1.9794966
272704,0.125,0.00017620308712081059,0.020104127272755814,1.9189589
272768,0.125,2.432820470713776e-05,0.01824895520652408,2.0550072
272832,0.125,9.72791786124787e-06,0.004050246485543871,1.9761248
272896,0.125,2.620457286724594e-06,0.002556282514971382,2.1202092
272960,0.125,1.8244495936302675e-05,0.003380738966081624,2.2484014
273024,0.125,1.3253398766842883e-05,0.004599159277030447,1.9949187
273088,0.125,6.596028126054643e-06,0.006688410307090323,2.0281477
273152,0.125,8.920868970457324e-06,0.003631311316396875,2.2264915
273216,0.125,7.450936825414552e-06,0.004505768584927321,2.0196917
273280,0.125,2.415785943460924e-05,0.0036128722872345426,2.0679018
273344,0.125,1.2684830601129587e-05,0.003685111257696775,2.0279052
273408,0.125,2.8893451195012964e-06,0.002495801162892808,2.0346117
273472,0.125,1.0081968065209699e-05,0.004041823299953339,2.1199472
273536,0.125,1.2433031603675404e-05,0.003850037663343385,2.0112188
273600,0.125,8.909314834441441e-06,0.004571631702871935,2.0280533
273664,0.125,8.531125767955314e-06,0.002978512129717337,2.024242
273728,0.125,7.4365103785342195e-06,0.003231054504406467,2.0682974
273792,0.125,5.414663914948752e-06,0.002531162375190413,2.0906374
273856,0.125,9.344825659588064e-06,0.0035083205373345468,2.0736253
273920,0.125,1.4771283643087448e-05,0.003165266209928663,2.0909026
273984,0.125,4.4563892309147205e-06,0.003427557165036869,2.0032094
274048,0.125,5.196299341926661e-06,0.004264777661605124,2.0048141
274112,0.125,4.208335491265409e-06,0.003334584228793009,1.9947338
274176,0.125,4.1234275652102295e-06,0.0029114872924598935,1.9406257
274240,0.125,3.330692778850831e-06,0.0024697663171597633,2.0385401
274304,0.125,6.819078932589029e-06,0.0030285346849973165,1.9348111
274368,0.125,6.24257188480266e-06,0.003174650120007386,1.948363
274432,0.125,1.9103427739880282e-05,0.004792175497532014,1.9929411
274496,0.125,1.0737860989288038e-05,0.0029140191948861193,1.9382083
274560,0.125,5.862521495825459e-06,0.0028036820777808283,2.353155
274624,0.125,3.371029000850129e-06,0.0032203507680995573,2.2143714
274688,0.125,6.952673800941864e-06,0.0033165108382328845,2.147839
274752,0.125,6.7564267060381905e-06,0.0038173947211992227,2.191207
274816,0.125,1.2187111113479439e-05,0.003181878692862575,2.0935915
274880,0.125,8.562191182877503e-06,0.0040050889264147856,2.0919662
274944,0.125,5.155329755082923e-06,0.005581882528691967,1.9499816
275008,0.125,1.0802550735307045e-05,0.0031146747219597854,2.1874774
275072,0.125,8.956855005169035e-06,0.00429049930248133,1.9369473
275136,0.125,6.829398145397435e-06,0.0038050654758513087,1.9250119
275200,0.125,7.184939077806458e-06,0.0034289076656059537,1.9419618
275264,0.125,8.19043644504624e-06,0.0032687717613641316,2.0687032
275328,0.125,7.109677184972501e-06,0.0034058721726024687,2.2736971
275392,0.125,1.1198039017503421e-05,0.002700101741250704,2.2014341
275456,0.125,7.642728164091263e-06,0.005293055370599856,2.212965
275520,0.125,5.025908572375837e-06,0.004151411609632804,2.1365175
275584,0.125,6.469277658275285e-06,0.004286180799552378,2.3576608
275648,0.125,3.6075882158524346e-06,0.0030746614312811204,2.2945602
275712,0.125,5.122851984752026e-06,0.0037459545761123632,2.138446
275776,0.125,2.7065595171674707e-05,0.004236828662925573,2.1573303
275840,0.125,6.297462097698468e-06,0.0042007476750712276,2.171344
275904,0.125,7.152829602669834e-06,0.004701478123627199,2.3202584
275968,0.125,1.1197071797715769e-05,0.006055532166344077,2.3075616
276032,0.125,9.622847213940718e-06,0.0025867468009916155,2.317933
276096,0.125,1.0570691850290122e-05,0.004709133348458434,1.9812042
276160,0.125,5.63573118625605e-06,0.00340885779827041,1.9288024
276224,0.125,8.314022419845239e-06,0.005909777384373943,2.0699174
276288,0.125,8.394645564147635e-06,0.0027964836461863546,2.0585344
276352,0.125,6.731008547422035e-06,0.0031064226697222253,2.0766332
276416,0.125,8.829349701934722e-06,0.0026985575909582444,2.0881073
276480,0.125,7.388179106845007e-06,0.003177389901460222,2.0569465
276544,0.125,5.904341245139488e-06,0.0029025669278208745,2.0923345
276608,0.125,7.121207168640191e-06,0.005007516958848937,2.1132798
276672,0.125,1.204698834596747e-05,0.0030359268001280155,2.0616364
276736,0.125,2.5658130878779305e-05,0.002761597872714786,2.115785
276800,0.125,9.576970925248364e-06,0.004546613006150963,2.1396883
276864,0.125,9.095443624828763e-06,0.004614970856382878,2.142497
276928,0.125,3.77664381230409e-05,0.004731111215358248,2.175375
276992,0.125,1.724562033430427e-05,0.004142646414633857,2.133489
277056,0.125,3.554676638760218e-06,0.003256856476128729,2.101831
277120,0.125,1.612485577304721e-05,0.0031346038086313755,2.1708143
277184,0.125,1.1154847369353164e-05,0.003542401006905042,2.168948
277248,0.125,4.642698957247624e-06,0.0025933294460164405,2.1662407
277312,0.125,9.527553475781744e-06,0.003245227645153012,2.3950105
277376,0.125,7.14264251727214e-06,0.0040143328406731125,2.496157
277440,0.125,6.093662653130223e-06,0.005291497041952576,2.4239895
277504,0.125,7.680341312048585e-06,0.004422012903194284,2.1724017
277568,0.125,5.8466158520533796e-06,0.004062863166352298,2.2448418
277632,0.125,4.3010579717016434e-06,0.0018984825812515167,2.3532035
277696,0.125,5.3143072981357295e-06,0.0023446153362263146,2.3557801
277760,0.125,5.465828891721943e-06,0.0032746584683827026,2.2503624
277824,0.125,8.523773773855332e-06,0.0039940805286141304,2.0996544
277888,0.125,4.201566996783496e-06,0.0033408126486726077,2.2345831
277952,0.125,8.229922455154022e-06,0.0037802360457405734,2.1838222
278016,0.125,1.437321897396698e-05,0.007961984239433667,2.085297
278080,0.125,7.213296662631111e-06,0.004673101766674483,1.9531313
278144,0.125,1.5603517490775034e-05,0.0043191372204803785,2.0166285
278208,0.125,8.416868692341024e-06,0.005173379341643649,2.0367417
278272,0.125,3.6298397675695313e-06,0.003520380958221974,2.0387027
278336,0.125,7.102083138876725e-06,0.0035901258952417015,2.058913
278400,0.125,9.509556666111264e-06,0.003321407763793159,2.0313902
278464,0.125,8.00923291915721e-06,0.0048234787039249955,2.1466792
278528,0.125,4.042300826229311e-06,0.003067429308388861,2.1173477
278592,0.125,9.085200417672448e-06,0.003955675955775664,2.1140473
278656,0.125,1.957790887597365e-05,0.004920716418758454,2.0057218
278720,0.125,4.969265331102114e-06,0.003999831188867649,2.1130376
278784,0.125,1.366791176040125e-05,0.011017637811845369,2.068085
278848,0.125,3.9754482213287264e-05,0.008593842742106415,2.201471
278912,0.125,4.816154480308914e-06,0.0035435872235691215,2.026218
278976,0.125,1.2228768679820652e-05,0.002692218075601485,1.9154038
279040,0.125,1.8107481297044016e-05,0.003311211332012792,1.9155844
279104,0.125,3.7609232534134145e-05,0.0058605222899931475,2.0616524
279168,0.125,6.583051825194146e-06,0.004045500324840788,1.9783325
279232,0.125,1.0724077177102336e-05,0.00384523904435849,2.013176
279296,0.125,8.172220781941634e-06,0.004747379376852363,1.8844721
279360,0.125,1.2636591521350433e-05,0.004062499748692697,1.8701669
279424,0.125,2.9631273271175763e-05,0.0044158570926081725,1.9789257
279488,0.125,5.18862479677725e-06,0.003692058509182195,1.9130573
279552,0.125,6.266090946242786e-06,0.0038769033473043304,2.0857244
279616,0.125,1.0442800785501805e-05,0.00825189490011389,1.8954148
279680,0.125,5.100296952817205e-06,0.002920565579176143,2.2496436
279744,0.125,1.7464196988878657e-05,0.004169422446769743,1.939693
279808,0.125,1.1342248415004071e-05,0.003344443612967019,1.9315614
279872,0.125,1.8121330089179516e-05,0.0029814593106871506,2.1214907
279936,0.125,9.313583778948756e-06,0.0029348927910916697,2.211357
280000,0.125,5.081007437626739e-06,0.004667811334358388,2.3542464
280064,0.125,8.407371169511158e-06,0.0034225099431856106,2.417716
280128,0.125,6.305949475785672e-06,0.0030521576943301006,2.3614457
280192,0.125,1.5647246820768662e-05,0.0038748228399930035,2.3575413
280256,0.125,8.120762125917475e-06,0.005621096059348406,2.0035462
280320,0.125,1.8382731322878269e-06,0.004423787004414663,2.2220147
280384,0.125,7.056096624915102e-06,0.003914676872282075,2.0638857
280448,0.125,3.319763189183081e-05,0.0026175861053977425,2.144933
280512,0.125,6.1404564376566786e-06,0.0035816477621639815,2.175334
280576,0.125,1.8767246946561143e-05,0.005131390857164715,2.1088896
280640,0.125,1.7415085807051523e-05,0.005463440369346433,2.0906305
280704,0.125,2.0760347661758758e-05,0.0038890690432187786,2.0373075
280768,0.125,4.992589240889923e-06,0.0031230235200894385,1.9854845
280832,0.125,3.2270005829641047e-06,0.0034947167312071132,1.9005952
280896,0.125,1.0951720633758713e-05,0.0064740401387185995,1.9629456
280960,0.125,4.478155745871529e-06,0.004450382768805435,1.90088
281024,0.125,3.738180921724975e-05,0.003887608139187928,2.0904968
281088,0.125,2.2459803396276405e-06,0.006893170131621522,1.9073336
281152,0.125,1.0427829949376152e-05,0.00406406073940435,1.9572105
281216,0.125,6.375988028636192e-06,0.0042964569354610035,1.8952214
281280,0.125,9.592143552178964e-06,0.0054904289199390124,1.9518822
281344,0.125,1.9117769246250578e-05,0.003713875279414723,1.9128124
281408,0.125,1.177456046349285e-05,0.0033294828173309073,2.0525858
281472,0.125,9.612466472100591e-06,0.00310181975065483,2.0493624
281536,0.125,2.21458451198067e-05,0.002961450444528486,1.9467019
281600,0.125,8.211944760105702e-06,0.0033016212338223315,1.9285504
281664,0.125,6.357646295510523e-06,0.004023408313532813,1.9255489
281728,0.125,1.208816388255694e-05,0.0030151888514260085,2.050628
281792,0.125,1.3257240172865128e-05,0.005527436066448774,2.1326416
281856,0.125,3.891531188563729e-06,0.003057993965943357,2.0283952
281920,0.125,4.109430659685372e-06,0.0046339181073111425,2.0189016
281984,0.125,2.1032906734635527e-05,0.004676346295024739,2.032033
282048,0.125,6.110836120042257e-06,0.006909867729502736,1.960976
282112,0.125,4.703837216887169e-06,0.003112095565449078,1.9620695
282176,0.125,8.07033137603029e-06,0.005104082694104748,1.9398042
282240,0.125,1.5217620698198074e-05,0.004096130638141631,2.0582857
282304,0.125,4.110797350563833e-06,0.005375351390621234,2.0501857
282368,0.125,7.790359317083554e-06,0.004306982743701239,2.0307875
282432,0.125,1.546586316489918e-05,0.002566132088710408,2.0480888
282496,0.125,1.0430252639965773e-05,0.008419501370563421,1.9617479
282560,0.125,7.475285755963569e-06,0.004102557255530665,2.11794
282624,0.125,1.7666401716647773e-05,0.0039030090186578247,2.3487377
282688,0.125,4.146161576446734e-06,0.0033520514014451766,2.3874478
282752,0.125,1.5233735437769624e-05,0.004353005639990962,2.3074667
282816,0.125,6.70946960230835e-06,0.004917991156677959,2.260369
282880,0.125,1.9661595774941978e-05,0.003891921857593345,2.2564325
282944,0.125,3.1495288643169454e-05,0.004267940091976808,2.0695145
283008,0.125,8.125720692819056e-06,0.002703716753354988,2.1516368
283072,0.125,3.6010547246797357e-06,0.003468549131201699,2.2265654
283136,0.125,6.41466578982163e-06,0.004638073344630135,2.23408
283200,0.125,7.765775357468928e-06,0.004408251613503097,2.159968
283264,0.125,2.0469443680314835e-05,0.004205982812574509,1.9885269
283328,0.125,3.997090509201125e-06,0.005779690036138409,2.0114138
283392,0.125,5.881257351383204e-06,0.0036908852222098305,2.024424
283456,0.125,3.0733642328986914e-05,0.005064538442962397,1.9767643
283520,0.125,3.5969929614379595e-05,0.0062617383170806085,2.432967
283584,0.125,1.9763950647713473e-05,0.005709850608439346,2.2514982
283648,0.125,1.3217173378042008e-05,0.003167482299871308,2.407827
283712,0.125,5.507092132044231e-06,0.0030259378191793062,2.0826905
283776,0.125,5.545684761025207e-06,0.003957030582159842,2.0502899
283840,0.125,1.2481660305789262e-05,0.005931251274824255,1.9620674
283904,0.125,4.293484352987976e-06,0.003252229332630923,2.0516276
283968,0.125,6.296802539547717e-06,0.0058501877300033795,2.0171685
284032,0.125,1.44796967540808e-05,0.0031050315440887804,2.054989
284096,0.125,4.1313836180065345e-06,0.008151539981547258,1.9956623
284160,0.125,1.8492636940843464e-05,0.007597880099445888,1.960949
284224,0.125,1.658759413061523e-05,0.0073326375204805375,1.9838212
284288,0.125,1.2048390815993158e-05,0.004849112638453174,1.9784929
284352,0.125,1.1775538463520844e-05,0.0051662691188386085,1.9620456
284416,0.125,5.788159507359189e-06,0.003743930923473085,2.0157022
284480,0.125,1.5587935402105618e-05,0.004152349967761612,2.0345032
284544,0.125,3.476142777362242e-05,0.004946277345546885,2.0274372
284608,0.125,4.4932298974168e-06,0.00392803088137068,2.0497248
284672,0.125,4.4503183319604635e-06,0.0026315660075157646,2.184239
284736,0.125,6.3208885307892225e-06,0.003828124591902661,1.9830118
284800,0.125,6.910043627270709e-06,0.003104771521516396,1.954045
284864,0.125,1.4040722145456402e-05,0.004754875119184114,1.9587779
284928,0.125,9.352154884974869e-06,0.005614766967872789,1.8888336
284992,0.125,4.706397942955097e-06,0.0030167662088837234,1.856205
285056,0.125,4.08270449180204e-06,0.0034414219015727284,1.8627802
285120,0.125,3.4381254282710395e-05,0.004206631632951238,1.8687887
285184,0.125,9.57618441884403e-06,0.003671638849608799,1.8704823
285248,0.125,1.2169345287309427e-05,0.004504134414408934,1.8733854
285312,0.125,3.791345432526405e-05,0.004092427369036799,1.8950901
285376,0.125,3.2581772218998076e-06,0.004119474286073719,1.8292817
285440,0.125,2.0488395092608912e-05,0.003154470778640302,1.8150191
285504,0.125,1.2255350176267625e-05,0.010825366417117508,1.8617157
285568,0.125,1.5969616534255648e-05,0.00330057078594639,1.8426216
285632,0.125,4.914356862242379e-06,0.004690483230534561,1.8346941
285696,0.125,9.000798728544974e-06,0.003642732987055543,1.8068095
285760,0.125,1.1373059285274956e-05,0.003807599074612196,1.9175276
285824,0.125,5.289162541085793e-06,0.0033292758573159904,1.944954
285888,0.125,9.665254996136133e-06,0.003701960335031004,1.8722762
285952,0.125,1.5611379865138893e-05,0.0044751700874051765,1.9044076
286016,0.125,9.138330004140638e-06,0.005234439174385957,1.80618
286080,0.125,3.5132246400004787e-06,0.0035798301500336344,1.8638844
286144,0.125,7.743415171045362e-06,0.00449641214212339,2.075051
286208,0.125,8.90570794092053e-06,0.006352642192916593,1.9864514
286272,0.125,7.795681536989515e-06,0.0036655690884578084,1.8280777
286336,0.125,1.1746066459691998e-05,0.003928985964775733,1.8040817
286400,0.125,1.560611093595878e-05,0.005475963248909837,1.8525984
286464,0.125,1.1754928211725035e-05,0.004223856846658337,1.8325053
286528,0.125,2.673586967293141e-05,0.0072060620861144654,1.8790106
286592,0.125,6.263017366170409e-06,0.003333170803517005,1.9188936
286656,0.125,1.3208219130424512e-05,0.0025309779406039283,1.8297598
286720,0.125,6.732529877086095e-06,0.005388130759524223,1.8121462
286784,0.125,6.555246278849079e-06,0.003953863504774658,1.9134825
286848,0.125,1.8452794936169915e-05,0.0056549134915276755,1.8822052
286912,0.125,7.889331242635387e-06,0.004037584588623353,1.8694937
286976,0.125,1.1881311521367186e-05,0.0031681217206372216,1.9194394
287040,0.125,4.054046631984438e-06,0.004336640205772259,1.8703977
287104,0.125,2.679911988950245e-06,0.0035755333592444255,1.8204614
287168,0.125,1.5593594359462442e-05,0.0036347970154610937,1.8462924
287232,0.125,1.2969394709790049e-05,0.005515901691897967,1.8666668
287296,0.125,8.479055388799981e-06,0.0038527507084716904,2.0863636
287360,0.125,1.569302577881872e-05,0.005806417819151761,2.0241108
287424,0.125,4.850139423243575e-06,0.004414164120465057,1.9234608
287488,0.125,1.1001203456757798e-05,0.0039001493536199084,2.0615811
287552,0.125,6.006263329482536e-06,0.002851302060388874,2.2087
287616,0.125,5.128803245241779e-06,0.003654993016115959,2.0358152
287680,0.125,6.94916284360673e-06,0.004194787809762943,2.0703192
287744,0.125,5.674463004291923e-06,0.003373168559894015,2.1908104
287808,0.125,9.71587213229013e-06,0.004837623049130277,2.1677768
287872,0.125,6.508938629068677e-06,0.002996219005469689,2.0862398
287936,0.125,2.846408723409856e-06,0.006437038515291027,2.0524387
288000,0.125,1.7965528374941962e-05,0.00510795339214627,2.0761864
288064,0.125,1.430901166916346e-05,0.0038407279083498354,2.2067602
288128,0.125,4.7410073326908535e-06,0.0025011164773835995,2.2647133
288192,0.125,3.891857459967031e-06,0.0031312353381991427,2.1786013
288256,0.125,9.795336868435289e-06,0.005280081214661809,1.9992865
288320,0.125,1.208336928267941e-05,0.004124808961971796,2.1861506
288384,0.125,3.339114469276149e-05,0.008130774129849227,2.1908536
288448,0.125,1.447325548383346e-05,0.006289326097879184,2.2884567
288512,0.125,1.1320901516286361e-05,0.002897507469024087,2.1236963
288576,0.125,2.5260409706308646e-05,0.003868150783434666,2.1179328
288640,0.125,7.466123997625485e-06,0.00830971311545375,2.0314512
288704,0.125,3.761501770169499e-05,0.005191781546951769,2.0867956
288768,0.125,1.471864902746706e-05,0.005539512736140922,2.020131
288832,0.125,4.202576963061763e-06,0.003536427805168394,2.010836
288896,0.125,1.2199723446659385e-05,0.0025345026042900326,2.047785
288960,0.125,9.824370799833507e-06,0.007963178937071456,2.071219
289024,0.125,2.01630939330974e-05,0.005266315258383297,2.049791
289088,0.125,9.524279149724565e-06,0.007693404005432324,2.0303357
289152,0.125,8.338668416330403e-06,0.004199251510021144,2.0728335
289216,0.125,1.338636581540408e-05,0.006657062015854228,2.0454955
289280,0.125,1.7106005352749133e-05,0.004437788516440933,2.1383822
289344,0.125,1.836101547363822e-05,0.004814188225193959,1.996426
289408,0.125,5.17895931199062e-06,0.002773403547652496,2.1272817
289472,0.125,1.194006681282584e-05,0.005458094210499968,2.0671496
289536,0.125,1.0900286322022834e-05,0.00301555531802057,2.1232622
289600,0.125,9.091835009728194e-06,0.002755138607093523,2.134048
289664,0.125,3.283999717423935e-05,0.002864935795044485,2.1220326
289728,0.125,9.316221190234538e-06,0.005144454757907922,2.139836
289792,0.125,4.2648850315792586e-05,0.004164297826478654,2.1022875
289856,0.125,1.1861825933507514e-05,0.005705988629554453,2.156793
289920,0.125,6.199474766681805e-06,0.0058089284177052815,2.1273472
289984,0.125,1.2095937282639973e-05,0.002996913688626776,2.0625684
290048,0.125,1.1124416168216557e-05,0.004508939101237317,1.9786708
290112,0.125,5.8923117137711015e-06,0.0038538086536090447,2.0454645
290176,0.125,2.7919654932660708e-05,0.00646419882287883,2.0654006
290240,0.125,1.1029014288503556e-05,0.005868052056995754,2.177437
290304,0.125,8.06249520251383e-06,0.0064312635282818284,2.0585146
290368,0.125,5.732618444128714e-06,0.0033642433637136124,2.0015657
290432,0.125,1.1162735977642885e-05,0.0031133994193068113,2.0779698
290496,0.125,5.251086257752313e-06,0.003292661433618478,2.0848215
290560,0.125,1.0823007547064786e-05,0.003112703170601506,2.0381088
290624,0.125,1.101920736429486e-05,0.004477809323620481,1.9758292
290688,0.125,1.553376291506487e-05,0.004390591556827041,1.9764074
290752,0.125,5.790863529724694e-06,0.004442926645128242,1.9759164
290816,0.125,5.542381618282643e-06,0.003924051380723461,1.9784218
290880,0.125,3.149445680561428e-05,0.00443049023566587,2.021704
290944,0.125,1.774240365100552e-05,0.005912983654394862,2.072732
291008,0.125,1.0550774618986588e-05,0.005280625652417758,2.1869678
291072,0.125,6.041034201040629e-06,0.0037533700494273648,2.196496
291136,0.125,1.0978598468643167e-05,0.005138887329318965,2.1041067
291200,0.125,5.7401717190607265e-06,0.0032105271247653134,2.0853534
291264,0.125,3.1857008722457213e-06,0.0025684970729556948,2.0855732
291328,0.125,2.9324874008229037e-05,0.004392446161770853,2.052777
291392,0.125,9.44648411752344e-06,0.003782182276903872,2.0694032
291456,0.125,5.291133855600161e-06,0.004457628237484303,2.0547879
291520,0.125,7.876001374087473e-06,0.003961056716142749,2.0849588
291584,0.125,6.172759767543552e-06,0.004175923334576019,2.0067122
291648,0.125,5.509203613332379e-06,0.004495754803266535,2.0798147
291712,0.125,1.2023876165971152e-05,0.0039889259059449475,2.0360038
291776,0.125,3.0582151825104555e-06,0.0028065204558396155,2.1775038
291840,0.125,4.65161966646021e-06,0.005117609200372757,2.0540612
291904,0.125,1.9103337128746672e-05,0.006539519872788929,2.042991
291968,0.125,5.4066713359062864e-06,0.004171258820629233,2.076919
292032,0.125,1.0744237211181252e-05,0.0033051819499128293,1.9183985
292096,0.125,8.83297592874322e-06,0.0038513688283282194,1.9935696
292160,0.125,1.570691083747097e-05,0.0050146876992091345,2.0719428
292224,0.125,1.1231038215867067e-05,0.004518282028519935,1.9965935
292288,0.125,2.2093085094837674e-05,0.0070899158622637305,2.1051295
292352,0.125,1.9484359167556358e-05,0.007438697794671644,2.138489
292416,0.125,1.186452490947315e-05,0.005069821311217624,2.050501
292480,0.125,9.133661925265957e-06,0.004940941390916789,1.9721797
292544,0.125,6.862655174551141e-06,0.0049362710107034476,2.007983
292608,0.125,1.1777663145696497e-05,0.003296257877269299,2.0105155
292672,0.125,7.313147369773341e-06,0.0027829416991005263,2.060384
292736,0.125,2.555670996114121e-05,0.0035319930495596496,2.0415652
292800,0.125,7.127837185253291e-06,0.004217746521912842,2.0302615
292864,0.125,7.393574776636388e-06,0.005013605497360254,2.112358
292928,0.125,5.500009992266073e-06,0.0035241254718842217,2.1269898
292992,0.125,6.2656957306166285e-06,0.003694342251912093,2.1764257
293056,0.125,6.7114437945644095e-06,0.004713215091774743,2.1101959
293120,0.125,8.30798158712934e-06,0.006782251668196896,2.069907
293184,0.125,7.527563117630649e-06,0.006452665503799015,2.1238678
293248,0.125,1.0239026697063825e-05,0.005316160181894172,2.0741382
293312,0.125,1.1681059190202583e-05,0.002699560884026924,2.0548487
293376,0.125,7.827356595128754e-06,0.0025609327958758202,2.0245261
293440,0.125,1.570673554724185e-05,0.005007385307341433,2.0835931
293504,0.125,1.3318984307185447e-05,0.0044295056200980626,2.1777625
293568,0.125,7.697830434608277e-06,0.005840338323483575,2.1417415
293632,0.125,4.542249116780897e-06,0.004510957786915127,2.1509728
293696,0.125,5.5076961444690794e-06,0.004472461964740827,2.099185
293760,0.125,6.951568514005804e-06,0.004090062431811149,2.1661007
293824,0.125,7.0800664570837935e-06,0.0036173314563668893,2.2271955
293888,0.125,3.2846235430596513e-06,0.0034338719300607097,2.2605114
293952,0.125,2.019751333415668e-05,0.005017978974578828,2.2950006
294016,0.125,1.8172055196839326e-05,0.00709945302364279,2.2093387
294080,0.125,1.3136191983614867e-05,0.0034024870728898197,2.2971406
294144,0.125,4.812398132056997e-06,0.002874930156977952,2.1707075
294208,0.125,1.1478049824565102e-05,0.0035414104075487916,2.2393136
294272,0.125,3.8074360614028273e-06,0.002622841123644808,2.0443294
294336,0.125,5.227632791974087e-05,0.004784473569221004,2.1677454
294400,0.125,1.756783476880531e-05,0.004934101521205548,2.1378624
294464,0.125,8.92853771142891e-06,0.0033064342083998235,2.1139832
294528,0.125,2.760082326943668e-06,0.004098687031542165,2.0286725
294592,0.125,6.815286683177224e-06,0.003288145109341458,2.069433
294656,0.125,9.684233842388803e-06,0.004401824545120193,2.0518785
294720,0.125,5.405974073311604e-06,0.0034985876970172283,2.104634
294784,0.125,8.690363244887546e-06,0.005124876810269956,2.1396437
294848,0.125,5.574283439925091e-06,0.004119266821922774,2.1382258
294912,0.125,6.17881032533841e-06,0.00401830081899147,2.0996172
294976,0.125,1.3270180258176294e-05,0.00372186808371572,2.0944555
295040,0.125,2.2196781209205007e-05,0.007389997676947075,2.0925934
295104,0.125,9.255084057877436e-06,0.0028725032332051034,2.0585115
295168,0.125,7.3550570341398255e-06,0.004760613791382899,2.0708928
295232,0.125,6.162352544754131e-06,0.004872238959455745,2.080077
295296,0.125,3.833288907335083e-06,0.003403211011906247,1.9364464
295360,0.125,5.8895298842100876e-06,0.0038083603874992772,1.8788484
295424,0.125,5.610069693465572e-06,0.0032739139912645963,1.9072937
295488,0.125,1.6140621476479882e-05,0.004990478049486756,1.9090515
295552,0.125,4.45089646833461e-06,0.00620075288521279,1.9435762
295616,0.125,9.293723483157004e-06,0.005530118606158946,1.9478586
295680,0.125,1.972153543959155e-05,0.005358491552589096,1.918982
295744,0.125,2.958136410587604e-05,0.007850273418584594,1.9408286
295808,0.125,1.068995688022432e-05,0.00701541110343146,1.9129728
295872,0.125,6.161650453591363e-06,0.002993691069642084,1.9367948
295936,0.125,5.989160322919275e-06,0.00310471029946542,1.8997773
296000,0.125,3.6234466844137733e-06,0.00449415600288137,2.1117196
296064,0.125,2.3539881585455762e-05,0.004455899447094052,2.0962245
296128,0.125,9.296327980695226e-06,0.005179659502899063,2.115198
296192,0.125,4.378606210385396e-06,0.0032494828532261258,2.099489
296256,0.125,1.1257809903975005e-05,0.004412331124031239,2.037247
296320,0.125,7.178106779908117e-06,0.003795769758762206,2.016472
296384,0.125,7.270296878403541e-06,0.004395352298105207,2.0160923
296448,0.125,2.9190160026581365e-05,0.004719130256759406,1.9794012
296512,0.125,1.6399982449952683e-05,0.0032453374071250945,1.9224089
296576,0.125,9.3377641796899e-06,0.004714322849231929,1.9285637
296640,0.125,2.4416701154325892e-05,0.0035911380690918475,2.0431461
296704,0.125,7.798288942767264e-06,0.002953743694440109,2.0275922
296768,0.125,4.926686820675414e-06,0.0044708090579897,2.0056272
296832,0.125,2.440061487860749e-05,0.006008925367761746,2.0405054
296896,0.125,7.066840456182854e-06,0.0041487066842271405,2.0340695
296960,0.125,6.87325295136391e-06,0.005067658038357897,2.0030274
297024,0.125,4.51146758257663e-06,0.005422378887664952,1.9788752
297088,0.125,3.906707135106262e-06,0.004462947338967716,1.940862
297152,0.125,4.4299203400027895e-06,0.003150619228710635,1.9979135
297216,0.125,5.587970663530272e-06,0.004522901173614404,1.9737726
297280,0.125,5.933518959857185e-06,0.004482354613884293,2.0499163
297344,0.125,5.979672992432423e-06,0.005643510072773206,2.0085204
297408,0.125,1.3441889422659452e-05,0.0064555101747155366,2.2030404
297472,0.125,9.850238034104042e-06,0.003293128950328822,2.0215952
297536,0.125,5.466304697728915e-06,0.004108795017272518,2.0336325
297600,0.125,3.1987801873792565e-06,0.0043063586104131425,2.084613
297664,0.125,1.680842158126726e-05,0.003913029190289752,2.143919
297728,0.125,4.08775042901693e-06,0.004895993146183055,2.1756809
297792,0.125,7.658126258766742e-06,0.0031704256391004047,2.1635137
297856,0.125,8.722814487040039e-06,0.005083903115585898,2.0313172
297920,0.125,9.232343063425011e-06,0.0063882037766722615,2.0870342
297984,0.125,1.4370463031086844e-05,0.004654311545065987,2.0574746
298048,0.125,5.558447987607784e-06,0.00533588055555161,2.1259713
298112,0.125,9.174219605792214e-06,0.005945345689598091,2.0857747
298176,0.125,1.1123293386600387e-05,0.0033073730580063013,2.074872
298240,0.125,1.0763724946690259e-05,0.005909892355558361,2.0230389
298304,0.125,9.516405628234059e-06,0.004048022296715906,2.0111616
298368,0.125,6.5674960017161795e-06,0.003724100102060675,2.0291212
298432,0.125,1.205345210109162e-05,0.004940221022292331,2.0183928
298496,0.125,2.574115499307834e-06,0.0024843473144218185,2.0162933
298560,0.125,5.067891478409479e-06,0.0028467351028220816,1.9562114
298624,0.125,1.281642927779648e-05,0.004673350008231079,1.9568682
298688,0.125,6.316441448747036e-06,0.0036978569235605503,2.0664928
298752,0.125,9.849871487247493e-06,0.004417933561393771,2.1744328
298816,0.125,1.537480156087319e-05,0.007036157839299175,2.1567037
298880,0.125,7.488362578785453e-06,0.006062442642189516,2.1023886
298944,0.125,8.40121125539278e-06,0.00964123946174208,2.008991
299008,0.125,4.39914620602515e-06,0.002858396395516535,2.0417483
299072,0.125,7.028346469392958e-06,0.007773537162411649,2.0091631
299136,0.125,6.835490908842854e-06,0.005083718052541564,2.041998
299200,0.125,6.365430108899549e-06,0.004502539181501586,2.1418846
299264,0.125,7.962970974482648e-06,0.00935661205264909,2.0921342
299328,0.125,1.4688465302984569e-05,0.004859413222574724,2.0978093
299392,0.125,3.749116200978595e-06,0.0033530416808823346,2.1524894
299456,0.125,4.396852261450461e-06,0.005910922527092738,2.1077578
299520,0.125,6.187314960065672e-06,0.004112857911281375,2.10481
299584,0.125,2.825436960294235e-05,0.0032673531050488635,2.2278223
299648,0.125,1.4187569688441367e-05,0.007673510399750436,2.250835
299712,0.125,9.665166188530224e-06,0.006176384713053887,2.363837
299776,0.125,6.0841898561905305e-06,0.003967285834403135,2.2174754
299840,0.125,6.742335500604912e-06,0.005446296297687614,2.2315443
299904,0.125,4.9073281998842456e-06,0.004711124797994993,2.1686163
299968,0.125,1.0057251613654168e-05,0.007895351321658197,2.1706607
300032,0.125,3.849493293826852e-05,0.006217079626410281,2.1367812
300096,0.125,1.936211440042284e-05,0.007532691497199293,2.130808
300160,0.125,8.972938175782314e-06,0.0052308640333884856,2.123152
300224,0.125,1.476635241528272e-05,0.00616481007489482,2.0899923
300288,0.125,3.8552314486487104e-05,0.004762942794293336,1.8618591
300352,0.125,5.555156303125672e-06,0.002873402739957022,1.9689418
300416,0.125,6.9465311690941615e-06,0.0050880264488740515,1.9648426
300480,0.125,3.377819605617799e-06,0.003133170051711006,2.2038486
300544,0.125,2.6334630392560633e-06,0.0039041023493893673,2.005942
300608,0.125,9.27382393761764e-06,0.0033510495891543985,1.9544896
300672,0.125,1.4790495153460254e-05,0.0029250198700804197,1.9824699
300736,0.125,6.560691122978422e-06,0.0029252133641942592,1.9375266
300800,0.125,5.655509731768335e-06,0.0055810334358109654,1.897831
300864,0.125,5.549889101978221e-06,0.003255871970433511,2.0752118
300928,0.125,3.29773497799781e-06,0.0035848043968594668,1.9515183
300992,0.125,7.1635132049691075e-06,0.0040447863817796165,1.9877316
301056,0.125,9.753803129680823e-06,0.005528729556924597,1.9431401
301120,0.125,1.1453405487594182e-05,0.004674693506554243,1.9648254
301184,0.125,8.265556481753586e-06,0.0029440799404609995,1.9019278
301248,0.125,4.8698331906493675e-06,0.004651445387425569,1.8409542
301312,0.125,4.052057656178353e-05,0.003773911919700924,1.8902112
301376,0.125,4.99752310214951e-06,0.004845624076585725,1.9752473
301440,0.125,1.3995366598170036e-05,0.00499550356126738,1.8459042
301504,0.125,2.5706057564108306e-06,0.004988491368772114,1.8875363
301568,0.125,0.00021160786473822988,0.006132805413470019,1.8875964
301632,0.125,7.632749480649708e-06,0.009319503014979654,1.9093522
301696,0.125,1.0430578464125655e-05,0.004699229644994038,1.8831122
301760,0.125,8.38617074859062e-06,0.004818925656740563,1.8344057
301824,0.125,4.1123680562015896e-06,0.0034507811289133587,1.916265
301888,0.125,7.2107000867288405e-06,0.003697842123247017,1.9955912
301952,0.125,1.1345114846303809e-05,0.003982733007240753,1.9163637
302016,0.125,1.4897311474978844e-05,0.0043682918690246385,1.9880463
302080,0.125,6.630755895107997e-06,0.005328095327123624,2.040926
302144,0.125,1.5209445127931506e-05,0.007094224976753393,2.0418239
302208,0.125,7.624480880149753e-06,0.00608210887863457,2.1234412
302272,0.125,1.6476576291905967e-05,0.005309959188787309,2.1453204
302336,0.125,7.303217747316174e-06,0.004139982954407535,2.1555192
302400,0.125,1.5554899321189462e-05,0.008201270945386864,2.6744359
302464,0.125,8.449604319565455e-06,0.003933886739790099,2.659512
302528,0.125,9.058536816273103e-06,0.0049444199409175525,2.7249744
302592,0.125,1.5745560295687494e-05,0.004581776741084875,3.0193233
302656,0.125,6.530494421947145e-06,0.0045735485138003905,2.9619067
302720,0.125,8.329445586738543e-06,0.005431494065840512,2.7809362
302784,0.125,9.049500735581892e-06,0.006125473151171144,1.9813188
302848,0.125,3.904180408331907e-06,0.0035146955193062937,2.0191538
302912,0.125,4.215708089532679e-06,0.0048262529647968,2.048628
302976,0.125,4.146602294775498e-06,0.005588305788675675,1.8654879
303040,0.125,5.956100964903703e-06,0.0035037537399522766,1.8617826
303104,0.125,5.047698246219896e-06,0.003443631016752135,2.0366037
303168,0.125,1.0324496514512329e-05,0.005236599923038865,2.0293074
303232,0.125,2.6367249491298403e-05,0.00538794863631921,2.0052223
303296,0.125,7.0658711160610484e-06,0.005558712359178646,2.0598452
303360,0.125,7.342006121144364e-06,0.003104741280187591,2.1090174
303424,0.125,5.009330461949185e-06,0.0037627804978167105,2.0902138
303488,0.125,2.1832130760467646e-05,0.004326807461082887,2.276035
303552,0.125,6.729897014812733e-06,0.006399335426728449,2.2413297
303616,0.125,8.651031218548582e-06,0.0057028764846143555,2.2822073
303680,0.125,1.7018195114979595e-05,0.006006177121364268,2.2208953
303744,0.125,4.1567698786352645e-06,0.003048922262147143,2.1880405
303808,0.125,5.164714008944425e-06,0.004938578780367079,2.2390094
303872,0.125,9.465634214376412e-06,0.0036067071319865925,2.2959924
303936,0.125,9.416078098368436e-06,0.0029842077983145304,2.2750921
304000,0.125,8.673746705613724e-06,0.004298387538847693,2.3361027
304064,0.125,6.5806770420393115e-06,0.004433950909327772,2.108482
304128,0.125,1.6655740157026176e-05,0.0057634589165439735,2.1869917
304192,0.125,7.656520036873006e-06,0.003306854296070289,2.1011345
304256,0.125,8.555958564503755e-06,0.004181326664270958,2.0711436
304320,0.125,7.620237835245466e-06,0.0034159137070786027,2.0165718
304384,0.125,9.496862740666402e-06,0.004684163812221747,1.8974423
304448,0.125,1.1372513570246724e-05,0.003931899165926595,1.9200643
304512,0.125,8.694371397162087e-06,0.0036291053112998905,1.9013554
304576,0.125,5.381686350103668e-06,0.004847592240744633,1.9087415
304640,0.125,1.1810779156361885e-05,0.0032399048674934964,1.9173784
304704,0.125,8.12464889180647e-06,0.0034135767942719748,1.977001
304768,0.125,7.453317484186173e-06,0.0044657406988488114,1.9399476
304832,0.125,4.4042347943102494e-06,0.0028803303939257687,1.9298748
304896,0.125,1.5211731909296805e-05,0.0047542396626239145,1.9465215
304960,0.125,7.101563110750733e-06,0.004344821562031638,1.9871577
305024,0.125,4.993727000999523e-06,0.0034288437397855696,2.0237968
305088,0.125,4.956041083512657e-05,0.0030619305530537413,2.0427556
305152,0.125,1.853915469293387e-05,0.003825056184315615,2.0677524
305216,0.125,1.8005727592530822e-05,0.004770111073114718,2.0098822
305280,0.125,1.2657820981321767e-05,0.007024078412204809,1.9671787
305344,0.125,1.3061407904019048e-05,0.0032494157030952746,1.9713928
305408,0.125,3.5880665617146757e-06,0.0025462916898643605,1.9782393
305472,0.125,5.560824293570871e-06,0.004015785616837757,2.026642
305536,0.125,1.2993073841970748e-05,0.00281036475166848,1.9616475
305600,0.125,5.153806577314467e-06,0.0032416043363988774,1.9779023
305664,0.125,8.273490033125804e-06,0.00363076961759582,1.9166702
305728,0.125,8.218180248746521e-06,0.006081041535397732,1.9547585
305792,0.125,1.2720728665557424e-05,0.004231121605823628,1.9463391
305856,0.125,3.243755331849762e-05,0.004026789419651659,1.8770354
305920,0.125,1.3169243807782208e-05,0.0056387678601842114,1.8428619
305984,0.125,5.455005777110319e-06,0.004443419568142407,1.8635477
306048,0.125,4.265541736189586e-05,0.009392476871358192,1.9088174
306112,0.125,7.388309805241936e-06,0.005945418407588296,1.8701988
306176,0.125,3.874869789547273e-06,0.0036642500300596882,1.901134
306240,0.125,5.016940170888753e-06,0.004379443535268033,1.9615495
306304,0.125,9.20036311930404e-06,0.00600833522266319,1.9588042
306368,0.125,7.485093657237595e-06,0.004849507735336619,1.9188083
306432,0.125,4.616875066760026e-06,0.0034140849115634852,2.0038865
306496,0.125,2.686264923644349e-05,0.0030841530907173825,1.9954894
306560,0.125,1.903769233192287e-05,0.004897206676771099,1.9074225
306624,0.125,8.941315823128801e-06,0.0038167613744523464,1.9509991
306688,0.125,5.775602502166602e-06,0.004811687715948487,2.0523112
306752,0.125,2.9126687195353802e-05,0.008667608287509227,2.0383158
306816,0.125,1.0246549420348157e-05,0.0028323251538600563,2.0640574
306880,0.125,8.936695899479291e-06,0.0036848983535108814,2.0701
306944,0.125,4.630443630362195e-06,0.0026824446792543945,2.0387385
307008,0.125,2.854734687124765e-05,0.005702277161164255,2.0312586
307072,0.125,2.50974059612858e-06,0.0036025823071625437,2.0170758
307136,0.125,2.0422617559249424e-05,0.00280979883447757,2.1533828
307200,0.125,9.93869954194363e-06,0.005186369676901966,2.0431073
307264,0.125,1.053923953441709e-05,0.0050530756066558425,1.9611205
307328,0.125,9.363105216480644e-06,0.002981850576737357,1.9435109
307392,0.125,1.7701151713111385e-05,0.0039290666552494555,1.9330797
307456,0.125,6.479272237913537e-06,0.0031446684864590187,1.8993721
307520,0.125,3.006791184283285e-05,0.007886590746239578,1.8469136
307584,0.125,5.322916116351373e-05,0.004528152283949838,1.8681778
307648,0.125,5.374248500535969e-06,0.005682317376169309,1.8408809
307712,0.125,2.8421334314457138e-05,0.0037873370308848272,1.8180391
307776,0.125,5.78894637519167e-06,0.003375057872090035,1.8451833
307840,0.125,5.002544034339665e-06,0.0035060971679207733,1.8612576
307904,0.125,4.311573749862554e-06,0.004241970309425405,1.8443339
307968,0.125,3.3374077672172736e-06,0.0037096228470849275,1.8497937
308032,0.125,9.992530432279477e-06,0.0060592067974138825,1.8213443
308096,0.125,8.578291328502056e-06,0.005806439003698246,1.9422128
308160,0.125,8.786134047626884e-06,0.004179447530720337,1.798694
308224,0.125,7.161707626970623e-06,0.0032572236104557216,1.8385386
308288,0.125,7.786035405123311e-06,0.004130944832059457,1.883744
308352,0.125,6.965926944405852e-06,0.004836452500828069,1.8911513
308416,0.125,1.1911094895378791e-05,0.007101617562598716,1.8655021
308480,0.125,5.6996703395833235e-06,0.004662004050490199,1.838515
308544,0.125,8.623073903259011e-06,0.006444518156401727,1.8345485
308608,0.125,1.6955820398776253e-05,0.004893736229951575,1.8603483
308672,0.125,8.287594875979404e-06,0.006007597143892024,1.9224607
308736,0.125,7.3617232445288656e-06,0.0056158738310902135,1.8682891
308800,0.125,1.2859963790772202e-05,0.0039099531567713935,1.8162892
308864,0.125,6.577763478808148e-06,0.005088515781322245,1.8146969
308928,0.125,6.094874047772906e-06,0.004980402074264841,1.8173013
308992,0.125,1.1797976166484647e-05,0.005469738409547508,1.9860854
309056,0.125,7.539384756821722e-06,0.003843008899081637,1.9888668
309120,0.125,1.325814312887989e-05,0.00553045263611004,1.9784734
309184,0.125,6.515175039802437e-06,0.004010805765924899,1.9818548
309248,0.125,1.3647092931278273e-05,0.003085051278967312,1.9262227
309312,0.125,1.3047743730361014e-05,0.005512675011898839,1.9422495
309376,0.125,2.5357241016847506e-05,0.002997288568425843,2.0064545
309440,0.125,1.381546299368096e-05,0.0035707743786575342,2.0118465
309504,0.125,9.760725222557491e-06,0.004642651695940712,2.093877
309568,0.125,3.3593262163178474e-06,0.0020368024219332486,2.0709803
309632,0.125,1.3941176133142113e-05,0.004710138318783892,2.0739238
309696,0.125,5.3742834596527005e-06,0.00217465415572736,1.9109913
309760,0.125,1.1103326116655267e-05,0.0035226540946300447,1.9576489
309824,0.125,9.709508198710168e-06,0.003882179320295833,1.9668095
309888,0.125,1.1080716270951075e-05,0.004229273385492493,2.171012
309952,0.125,7.661712240613034e-06,0.0034424167297237677,2.0428512
310016,0.125,1.4994153759649111e-05,0.0031107275738934165,1.9646817
310080,0.125,7.835368867307316e-06,0.0029878379991760623,1.9564986
310144,0.125,3.520305530960248e-05,0.007484570838002303,2.110466
310208,0.125,2.353305058228095e-05,0.0035044534491918467,2.3011053
310272,0.125,4.331717771780238e-06,0.0034504217915031677,2.0130603
310336,0.125,8.330273723736975e-06,0.004386561862137298,1.99537
310400,0.125,2.522292946776921e-05,0.0038978007606262216,1.9711801
310464,0.125,1.7349163062487882e-05,0.012777915290097398,2.1425369
310528,0.125,6.6954641901432456e-06,0.002722703119097988,1.9866496
310592,0.125,1.805763298859675e-05,0.0033862849957236687,2.0189357
310656,0.125,1.1253953708137739e-05,0.004201737454590422,1.9867464
310720,0.125,1.3142280672905765e-05,0.0045904346569820564,1.8818346
310784,0.125,5.691150145390841e-06,0.003353938974718783,1.8444629
310848,0.125,4.303017203246716e-06,0.003473745340897358,1.8216614
310912,0.125,3.101700135054049e-05,0.0041206401458306905,1.8235344
310976,0.125,1.3369081676550692e-05,0.0015442775168374387,1.8419354
311040,0.125,9.601447360704825e-06,0.003491740593189545,1.8345839
311104,0.125,1.0822737823837358e-05,0.003200698520225365,1.7974864
311168,0.125,8.900292894039833e-06,0.003040824872052973,1.7947531
311232,0.125,1.4620526419104854e-05,0.0026870972487268957,1.7893828
311296,0.125,5.509727646166529e-06,0.005060929225784957,1.9061258
311360,0.125,3.228809802940025e-06,0.003951127135235424,1.9700714
311424,0.125,4.214897624203959e-06,0.0033752785616524296,1.9050624
311488,0.125,9.76980971224145e-06,0.0041042783775051194,1.8530215
311552,0.125,1.799361558136025e-05,0.005438263001209843,1.8303454
311616,0.125,5.685565178680734e-06,0.004580144377376121,1.8276122
311680,0.125,9.666403603375163e-06,0.005346136900950449,1.9160182
311744,0.125,1.4476322172579183e-05,0.005335538907083329,1.862637
311808,0.125,1.2934200576565878e-05,0.003982117952857668,1.9409698
311872,0.125,7.176977621966539e-06,0.00250514746778545,1.8800966
311936,0.125,1.2575716776346573e-05,0.003882727920486911,1.8735858
312000,0.125,1.2017803089766231e-05,0.005346254663209908,1.8461964
312064,0.125,4.344052337215803e-06,0.002975972839235353,1.9523064
312128,0.125,6.587301325795252e-06,0.004748904388814707,1.959426
312192,0.125,7.696181343317237e-06,0.0038002856503268905,1.9437199
312256,0.125,6.922702592179284e-06,0.004362058419876089,1.9999387
312320,0.125,5.640365715580573e-06,0.004291672660181875,2.0071988
312384,0.125,7.887281267119063e-06,0.005903215391231787,1.9392129
312448,0.125,1.3106651646641107e-05,0.004583985911059759,1.8280895
312512,0.125,1.78183727585168e-05,0.003951992575781772,1.8180212
312576,0.125,6.995702099449493e-06,0.006860174037663062,1.8469082
312640,0.125,7.757294989585085e-06,0.004949253394113043,2.0207894
312704,0.125,7.2910153597530035e-06,0.00462068966619043,1.8226157
312768,0.125,2.720509934962065e-05,0.0069269562285424234,1.8194889
312832,0.125,1.3385915836269189e-05,0.007109668477514509,1.8233256
312896,0.125,1.3620277475554266e-05,0.005665951123349974,1.8271779
312960,0.125,7.336894846934308e-06,0.004185407849955446,1.8246326
313024,0.125,1.4373556828780992e-05,0.007680751175324358,2.2027886
313088,0.125,1.0733158494401155e-05,0.0054523123982015195,2.1784985
313152,0.125,1.1133415621161725e-05,0.004749721668723273,2.006235
313216,0.125,9.820323504129393e-06,0.0025660820199556312,1.9273697
313280,0.125,6.6815481014411045e-06,0.004722727334571251,1.8490292
313344,0.125,4.708525982770737e-06,0.003468300282711406,1.8671697
313408,0.125,8.737547767369284e-06,0.005345257430642978,1.779818
313472,0.125,1.3215711762302935e-05,0.00429899996325339,1.7687513
313536,0.125,9.36876058772036e-06,0.0024709111162591283,1.7998639
313600,0.125,7.613604215533824e-06,0.0034841171610093214,1.8203224
313664,0.125,1.1370737973376159e-05,0.0033036468831077422,1.8227568
313728,0.125,6.4690827316641956e-06,0.002584202534621434,1.8125155
313792,0.125,1.9920159889613497e-05,0.002488573981030953,1.7457411
313856,0.125,2.983421414416121e-05,0.004482478501841957,1.7376484
313920,0.125,6.601715478103874e-06,0.003440301028469651,1.7002178
313984,0.125,3.811503101644941e-05,0.005569326770648106,1.6946636
314048,0.125,1.788109937225581e-05,0.007143291199300744,1.737668
314112,0.125,9.320886999646993e-06,0.006054124650337229,1.7285748
314176,0.125,1.4120097142533501e-05,0.002851856344057758,1.6391543
314240,0.125,7.49312373655885e-06,0.0025463497117347513,1.681144
314304,0.125,1.0974144753065896e-05,0.00510334835187019,1.8999137
314368,0.125,2.949261163733768e-05,0.004944762850840411,1.9593722
314432,0.125,2.4006965335945362e-05,0.005380380816607952,2.0246713
314496,0.125,7.5809373863841544e-06,0.0035486647673584892,2.0891984
314560,0.125,4.256610841438966e-05,0.003704261008422246,2.0316517
314624,0.125,9.687972880794203e-06,0.005794691983049536,1.9259876
314688,0.125,7.23356918544367e-06,0.0037772875653218924,1.7620486
314752,0.125,7.429375428818259e-06,0.0038065531769032874,1.8813791
314816,0.125,1.0011967809223778e-05,0.003118837279643712,1.845708
314880,0.125,1.1249874524286983e-05,0.005301260219934962,1.7883847
314944,0.125,9.339627470965843e-06,0.004798058098904353,1.931567
315008,0.125,8.663369747072481e-06,0.004145725993512619,2.0348628
315072,0.125,5.796493423406544e-06,0.002828863641311428,1.9268569
315136,0.125,4.8883787371739856e-06,0.005844195624032395,1.9589605
315200,0.125,3.828490058552803e-05,0.005289801700363064,1.8861933
315264,0.125,1.222371661367213e-05,0.0043723879895439955,1.84449
315328,0.125,9.569025012158351e-06,0.0031286393763249485,1.8439391
315392,0.125,6.792126944490409e-06,0.0030396472345839277,1.80338
315456,0.125,6.6893440016364355e-06,0.004417201607084316,1.772459
315520,0.125,1.1900639678547158e-05,0.004228686408438112,1.827456
315584,0.125,9.115563837130141e-06,0.005498407008706377,1.8236357
315648,0.125,8.563884301915848e-06,0.003318159545579014,1.8730847
315712,0.125,3.575919560242665e-06,0.004481616325271612,1.8508997
315776,0.125,1.2072269525257497e-05,0.0030035220974118965,1.8350039
315840,0.125,1.3481346795012878e-05,0.0032661206647029172,1.9765779
315904,0.125,7.694585510060078e-06,0.00412453517746481,1.9454943
315968,0.125,6.2093082447170615e-06,0.005465992175108285,1.8393598
316032,0.125,9.645630437717759e-06,0.003013570111776932,1.871869
316096,0.125,1.2871614745651957e-05,0.0037018136759245333,1.8298842
316160,0.125,1.1084132436553858e-05,0.004054951038196032,1.9018282
316224,0.125,9.560492147059149e-06,0.0038127334513661697,1.9016865
316288,0.125,2.4627154032256147e-06,0.0032185975350130644,1.8354747
316352,0.125,4.237764202437034e-05,0.010631117217509612,1.8053844
316416,0.125,5.916369671404249e-06,0.006127748476256271,1.8548888
316480,0.125,7.63062745034491e-06,0.005768785229834089,1.8437326
316544,0.125,7.868161112121858e-06,0.0052769014577603406,1.85807
316608,0.125,1.4488993471524738e-05,0.005292880667173037,1.9043822
316672,0.125,7.630384157365044e-06,0.004493072246334465,1.8642249
316736,0.125,7.1694822151030535e-06,0.004508914632347536,1.7942514
316800,0.125,3.7351440012135377e-06,0.0024874083858269416,1.7452514
316864,0.125,7.758706032487585e-06,0.0026423901223815785,1.9700406
316928,0.125,4.207526157082316e-06,0.004341567787882631,1.9603407
316992,0.125,8.027365188244017e-06,0.0031256006438625072,2.0260513
317056,0.125,8.31782473567552e-06,0.00442212852875697,1.9225292
317120,0.125,5.32795275369108e-06,0.0035023161659417114,1.935174
317184,0.125,2.3940512144696004e-05,0.005282941356399339,1.9228716
317248,0.125,6.155847532594811e-06,0.003997592056577637,1.8899491
317312,0.125,1.4960855232723555e-05,0.004765028949513009,1.8108916
317376,0.125,3.82558923304548e-06,0.004649623748175258,1.838193
317440,0.125,1.0654690841539055e-05,0.005918060268356009,1.8355881
317504,0.125,8.019390884476299e-06,0.004701376695605328,1.8371986
317568,0.125,5.431354770499694e-06,0.002912077569531677,1.8311071
317632,0.125,2.090896703163588e-05,0.0036729277677802663,1.8622853
317696,0.125,4.639751796747804e-06,0.00394350937208146,1.8533123
317760,0.125,1.234192500907394e-05,0.004197569405579299,1.86985
317824,0.125,8.997055715166957e-06,0.004203400497345834,1.8506345
317888,0.125,1.7763682646908908e-06,0.0036202844012125047,1.8960197
317952,0.125,6.008705652182369e-06,0.0023305084206897125,1.8487489
318016,0.125,1.4605304839303724e-05,0.0022209846634913648,1.896418
318080,0.125,5.1052292851140505e-06,0.0037393794340416014,1.8563759
318144,0.125,4.478390962155252e-06,0.002861120325064232,1.8975705
318208,0.125,1.010082153916379e-05,0.0028445536889951236,1.8529192
318272,0.125,3.828071543236732e-06,0.004400260953533399,1.8748299
318336,0.125,3.4497332331468754e-06,0.0038742660084599766,1.8413956
318400,0.125,1.115915338281142e-05,0.006470176480857889,1.8422204
318464,0.125,1.057867154035899e-05,0.0037843792654088325,1.8889027
318528,0.125,1.1227613146872706e-05,0.004215874757090452,1.7936068
318592,0.125,2.0176343646215604e-05,0.0029860958662638886,1.8445985
318656,0.125,5.878028485252485e-06,0.0036761278880754673,1.8102617
318720,0.125,3.243077376818275e-05,0.0032667594806928563,1.8586679
318784,0.125,2.621886699560664e-06,0.003650145404530759,1.95183
318848,0.125,1.498422726177777e-05,0.006010908196581583,1.8920825
318912,0.125,6.923589040962458e-06,0.004306147902816875,1.9360478
318976,0.125,1.0198464055152967e-05,0.004456158509825957,1.9288218
319040,0.125,1.1268388188777629e-05,0.005508460742283153,2.0058165
319104,0.125,9.686765880875552e-06,0.003637768062368825,2.0091503
319168,0.125,1.1287413686118334e-05,0.0032482983895056063,1.8096768
319232,0.125,4.3697187354927976e-06,0.004035117167690182,1.8157201
319296,0.125,4.498689637410895e-06,0.005023791673268728,1.8250505
319360,0.125,4.0156813500744346e-06,0.00258288920533997,1.7892996
319424,0.125,5.662631541300216e-06,0.004172817453639197,2.030638
319488,0.125,5.85146714511074e-06,0.0031671396981469125,1.8993137
319552,0.125,4.196248359836716e-06,0.0036528450788781766,1.9070698
319616,0.125,1.2496343608425486e-05,0.003705042924460572,1.9223465
319680,0.125,5.52256880028518e-06,0.002887089509978202,1.8618554
319744,0.125,8.383271155152262e-06,0.003505652934385098,1.8256137
319808,0.125,2.6892626021421977e-06,0.0033927633078424486,1.7814611
319872,0.125,4.859310350859785e-06,0.003981291372019372,1.7862791
319936,0.125,1.7105990441689218e-05,0.002533669455596696,1.777784
320000,0.125,4.435191891939095e-06,0.003595700408812913,1.893046
320064,0.125,3.971414513042377e-06,0.0032351381340683374,1.8914797
320128,0.125,2.927356871106206e-05,0.0055496155471476145,1.9694643
320192,0.125,6.31467232112494e-06,0.004526267311473206,2.1212132
320256,0.125,1.2412031151851775e-05,0.00647679514416862,1.9575523
320320,0.125,9.705160659170215e-06,0.0047077188676772,2.0063977
320384,0.125,2.4757544167091586e-05,0.0038685386181896856,1.9124546
320448,0.125,4.452064896987962e-06,0.003911059124211039,1.8730681
320512,0.125,6.358308197362975e-06,0.005656842184258396,1.8893043
320576,0.125,1.5534319949280896e-05,0.005278868445579331,1.8369026
320640,0.125,6.219175075921305e-06,0.007840919732295093,1.9323219
320704,0.125,6.730432451658838e-06,0.0031518984344803963,1.9667864
320768,0.125,1.0625257576544402e-05,0.005258307981017889,2.0232031
320832,0.125,2.997133717825719e-06,0.0034211223391198914,1.9830534
320896,0.125,8.680128855939146e-06,0.005414443453106035,1.9770281
320960,0.125,6.378325377242188e-06,0.00478577738439724,1.9329432
321024,0.125,3.5748750705550216e-06,0.004728505255878039,1.9603689
321088,0.125,2.4648270491054648e-06,0.0026070343793447854,1.9893042
321152,0.125,7.264285528609818e-06,0.003981105319673483,1.9713742
321216,0.125,4.255424780933278e-06,0.0036518272941786748,1.959
321280,0.125,6.544900757998696e-06,0.0027979743182656868,2.4326754
321344,0.125,1.667911515250683e-05,0.00619568955510536,2.4440813
321408,0.125,2.3633795101970827e-05,0.0042389188435264635,2.4733922
321472,0.125,5.330315019242811e-06,0.0037952836641132804,2.1936054
321536,0.125,1.549727265689516e-05,0.004114629191199928,2.1248047
321600,0.125,7.086527652426218e-06,0.0036773629718292477,2.1407597
321664,0.125,3.229051983565006e-06,0.005222557788873047,2.144902
321728,0.125,6.6864239937093725e-06,0.002693908348178463,2.1078577
321792,0.125,7.954633165725432e-06,0.004327733342595151,2.1141634
321856,0.125,1.2593837779224508e-05,0.006042415400778182,2.11543
321920,0.125,1.2642438055014836e-05,0.004456634742734253,2.155508
321984,0.125,2.41293644713442e-06,0.0022456590674214878,2.1692932
322048,0.125,4.349734771282051e-06,0.0036944299417657083,2.0810974
322112,0.125,3.497535580205711e-06,0.0034630768689557874,2.6102629
322176,0.125,1.1962097355012727e-05,0.002646637391037148,2.562033
322240,0.125,1.7938747608177517e-05,0.005750079452943037,2.1909363
322304,0.125,4.893174899880041e-06,0.0025581158778301243,2.1632597
322368,0.125,4.165035400130705e-06,0.0025302157536001924,2.0328848
322432,0.125,4.758003484539769e-06,0.0032891388859993915,2.1147327
322496,0.125,9.490616595250292e-06,0.005846834472402895,2.0319076
322560,0.125,5.3768717549683306e-06,0.005931638892042112,2.1895885
322624,0.125,4.424579393387827e-06,0.0043363459796290854,2.0947487
322688,0.125,6.364377680080854e-06,0.004013116907726197,2.1481192
322752,0.125,1.0382861569353467e-05,0.005252516528554308,2.120929
322816,0.125,1.1739845662678727e-05,0.004106018683724919,2.1481504
322880,0.125,1.2308963653455076e-05,0.004597599582768982,2.1788132
322944,0.125,1.1984715576275428e-05,0.003948503685254645,2.0311186
323008,0.125,5.731915490536065e-06,0.006065364867345706,2.0593028
323072,0.125,4.719953369044984e-06,0.002702452788227296,2.0470436
323136,0.125,3.771675624207983e-06,0.003968520418605716,2.0107567
323200,0.125,6.22914632347474e-06,0.003982314344978333,2.0594869
323264,0.125,1.0568573761429264e-05,0.005049717121973135,2.029551
323328,0.125,7.649176136616572e-06,0.0043717107501347165,2.0104828
323392,0.125,9.762469755622097e-06,0.0034007942804451024,2.0465367
323456,0.125,9.06450646382631e-06,0.002899287874621203,2.1518
323520,0.125,3.69364565836764e-06,0.005003003183352686,2.166368
323584,0.125,4.045084412014409e-06,0.004371387943732563,2.1599748
323648,0.125,1.2880986782845496e-05,0.002893590065970928,2.1241474
323712,0.125,8.691305329960393e-06,0.0029143056708535587,2.0821264
323776,0.125,1.2905846273391558e-05,0.00446710475498503,2.0636775
323840,0.125,1.715283749228139e-06,0.002186538611324817,2.142322
323904,0.125,4.770930435112082e-06,0.003992540719560348,2.1206741
323968,0.125,3.5502542725839346e-06,0.0029442095371254124,2.1169205
324032,0.125,1.1965257868273946e-05,0.013312079662390784,2.1341474
324096,0.125,3.0654095847395935e-06,0.004218513481563997,2.1309056
324160,0.125,4.2134686224325936e-06,0.003735410236911292,2.1720498
324224,0.125,6.999787649061261e-06,0.005589238546240351,2.1657264
324288,0.125,5.234678930519374e-06,0.003857674801800181,2.607036
324352,0.125,2.525547071182187e-05,0.003749481871515172,2.2443056
324416,0.125,0.0006603657044531823,0.014186445365969339,2.1919408
324480,0.125,2.0269500738586573e-05,0.014406062859040688,2.2408369
324544,0.125,8.874757186543227e-06,0.004261655577747157,2.2446463
324608,0.125,1.6900357355418732e-05,0.003744455470996596,2.214398
324672,0.125,7.769278437464167e-06,0.0035194948724762646,2.2568247
324736,0.125,4.88691726571868e-06,0.002867624828212222,2.212671
324800,0.125,2.3962100606375262e-06,0.002373183123875318,2.2401705
324864,0.125,5.668863509611184e-06,0.003096917450438819,2.2824478
324928,0.125,2.661007833636953e-06,0.0031089610952275922,2.3252192
324992,0.125,8.19738664731512e-06,0.0029157609181495294,2.2355285
325056,0.125,4.3324974390136145e-06,0.0022732288031720796,3.0319958
325120,0.125,4.680236517068761e-06,0.0026615014766206736,2.8775253
325184,0.125,1.85709236110089e-05,0.002816378852812448,2.3321457
325248,0.125,1.0692577099701858e-05,0.004367203528894759,2.3722765
325312,0.125,2.107126446441157e-05,0.004773862352434352,2.3337631
325376,0.125,1.2930281373208748e-05,0.00452579341872624,2.3205724
325440,0.125,5.7803783685680026e-06,0.0036148937922024665,3.0778897
325504,0.125,1.156982062852898e-05,0.0037182504000054495,2.7020404
325568,0.125,8.52760247641291e-06,0.006723728545913341,2.3861325
325632,0.125,5.4108775987285495e-06,0.004695211233141828,2.3792348
325696,0.125,3.3655701562104684e-06,0.0031503421512237,2.3954601
325760,0.125,1.4443158266686327e-05,0.0038041864454799973,2.3742528
325824,0.125,6.002624567617674e-06,0.003309643140784895,2.3008718
325888,0.125,1.5837122758106134e-05,0.003218614743117125,2.603282
325952,0.125,8.86012766091908e-06,0.004992919328559709,2.5405912
326016,0.125,5.741658236385549e-06,0.002998589786548262,2.4263744
326080,0.125,6.55224173887114e-06,0.003779546903607704,2.3760817
326144,0.125,8.842251761473535e-06,0.005158446153129763,2.274123
326208,0.125,2.1146418498459395e-05,0.006946013090809166,2.3622766
326272,0.125,1.1246483041616916e-05,0.003908238156091317,2.5975027
326336,0.125,1.3211980180455743e-05,0.003864683795139225,2.4289277
326400,0.125,3.979476589956299e-06,0.003915229636552187,2.1731536
326464,0.125,9.564022053596573e-06,0.006090006405510056,2.1535196
326528,0.125,4.9144464679035995e-05,0.0032915022130310828,2.2433422
326592,0.125,6.2500492848301574e-06,0.003745705460869095,2.173868
326656,0.125,2.7607791469491786e-06,0.0026488377098644452,2.274737
326720,0.125,1.0943029147703614e-05,0.003976823964531839,2.2210221
326784,0.125,1.678055979102402e-05,0.002675278891477912,2.188598
326848,0.125,7.712573639821345e-06,0.0036494882176617543,2.1210675
326912,0.125,5.080685568502738e-06,0.0035305721519857157,2.1142323
326976,0.125,5.8364696441893995e-06,0.0024382747125256832,2.386297
327040,0.125,1.0624508538416928e-05,0.002333048326552914,2.5315065
327104,0.125,1.041277072950997e-05,0.0042153050391646775,2.3719141
327168,0.125,1.7140793072895938e-05,0.005166717146260644,2.3036115
327232,0.125,1.5690779737409996e-05,0.004089719126194578,2.2608604
327296,0.125,7.196735994254369e-06,0.0036461682209062716,2.247286
327360,0.125,2.889721956879061e-05,0.004066988904668339,2.136918
327424,0.125,6.853013023001019e-06,0.0026131974636628254,2.164947
327488,0.125,1.239565333139485e-05,0.003990096262553213,2.2938907
327552,0.125,4.05837831030596e-05,0.004113157554135857,2.2608013
327616,0.125,8.000250116955569e-06,0.003856482640740665,2.2207408
327680,0.125,1.407686751276708e-05,0.004659819170258782,2.1768951
327744,0.125,1.2006227534362699e-05,0.0035639424563620025,2.0892763
327808,0.125,7.699316788132471e-06,0.003279682549224594,2.113154
327872,0.125,1.3985870264107288e-05,0.0028508074124542018,2.049145
327936,0.125,3.201803304617997e-06,0.003353681018736486,2.0980177
328000,0.125,7.027886717622512e-06,0.0026145962627838262,2.1268392
328064,0.125,2.7085120253254223e-06,0.003041921178616683,2.109988
328128,0.125,1.22476039584501e-05,0.004114995361764956,2.121553
328192,0.125,2.474569954307853e-05,0.003445129136030145,2.098338
328256,0.125,2.947413572970916e-06,0.003077137584645271,2.1049027
328320,0.125,4.0215561798107665e-06,0.005064263326325876,2.1544752
328384,0.125,2.9269355944296424e-05,0.004255482234347492,2.1384013
328448,0.125,1.367225523119021e-05,0.0030288034420669872,2.0939388
328512,0.125,5.857586644094129e-06,0.005324149435769605,2.0566118
328576,0.125,7.956473911234945e-06,0.004353353286692457,2.0949843
328640,0.125,2.3159311072600255e-05,0.01236038583478642,2.0694647
328704,0.125,1.7150051301380187e-05,0.00551142655992147,2.0727727
328768,0.125,2.758429976093163e-05,0.005752983283739875,2.0424721
328832,0.125,1.890207983682677e-05,0.002858864049874387,2.075401
328896,0.125,2.8193833813958784e-06,0.0027559408814552436,2.1159518
328960,0.125,9.106201237599247e-06,0.003707320698868049,3.0913901
329024,0.125,1.2330787435087496e-05,0.005758611885930247,2.3441155
329088,0.125,8.31854093348038e-06,0.0030777881369137942,2.2133276
329152,0.125,1.3152654731880637e-05,0.004479799861991275,2.4012263
329216,0.125,7.518615151478326e-06,0.0030673748028570065,2.1796558
329280,0.125,6.658825039317204e-06,0.0038666369652978153,2.1963704
329344,0.125,6.781993387630257e-06,0.002080184716273432,2.3556774
329408,0.125,9.725356335347518e-06,0.0023414997150136107,2.399303
329472,0.125,4.34126783618868e-06,0.0031107349532437257,2.3531933
329536,0.125,9.482026743247269e-06,0.005173625816692655,2.3744466
329600,0.125,6.335348417299384e-06,0.002818512626815147,2.342548
329664,0.125,2.6232674491274072e-06,0.0038117485484587153,2.3451831
329728,0.125,4.993154539001585e-06,0.0029094348895207746,2.3564837
329792,0.125,1.0566994985226331e-05,0.003932253286836,2.3211129
329856,0.125,1.2005692847150001e-05,0.0034473185830069487,2.3329413
329920,0.125,5.627636663025007e-06,0.004374795758314404,2.262723
329984,0.125,6.3537862336964936e-06,0.0036693539998933606,2.3401265
330048,0.125,3.2329399635839546e-05,0.0027765373882740006,2.3483756
330112,0.125,1.650333755064071e-05,0.005338517652131602,2.2496
330176,0.125,1.1749480831782033e-05,0.00516705040235991,2.1826599
330240,0.125,2.713456892279816e-06,0.0023876446822748473,2.2594805
330304,0.125,1.0242956126938026e-05,0.002828771467048428,2.182706
330368,0.125,4.470012785372159e-06,0.0038124632102020718,2.2420483
330432,0.125,1.3216055610876403e-05,0.0035202364277861454,2.2273507
330496,0.125,7.841642614781148e-06,0.003263152248266654,2.508375
330560,0.125,2.4682603867471274e-05,0.004156900776333415,2.409519
330624,0.125,3.97529812569703e-06,0.002636059413057469,2.358286
330688,0.125,5.335083342541981e-06,0.004725223743525027,2.388777
330752,0.125,9.597381180795065e-06,0.0038434527462022357,2.202423
330816,0.125,9.588692844911497e-06,0.004352997439548481,2.1716855
330880,0.125,3.3182437174199872e-06,0.004324734274538924,2.1575372
330944,0.125,1.3561626244653497e-05,0.004348440852180779,2.3037345
331008,0.125,1.2144476940133418e-05,0.0034961595683336987,2.230854
331072,0.125,3.2245360777809944e-05,0.003988840110360309,2.2461276
331136,0.125,6.224229508595246e-06,0.0036078456458596823,2.354638
331200,0.125,8.716532671830641e-06,0.004269292929859308,2.2944007
331264,0.125,6.128639915164739e-06,0.0038661890616668547,2.2259007
331328,0.125,4.18893384243958e-06,0.004361871134386069,2.420598
331392,0.125,1.987572806219769e-05,0.005133962322346592,2.4361634
331456,0.125,8.97234611330851e-06,0.005903523014096891,2.2930992
331520,0.125,8.859977293119978e-06,0.005037215202302415,2.28351
331584,0.125,1.1795042191671585e-05,0.0028372892477413897,2.3700888
331648,0.125,1.009737916367737e-05,0.004091662247587455,2.30428
331712,0.125,1.0773962955276461e-05,0.004479663549631883,2.2261932
331776,0.125,7.215108945127962e-06,0.003027159377723819,2.1859372
331840,0.125,7.124977444435016e-06,0.0032428109899169913,2.3194566
331904,0.125,7.245819664847638e-06,0.0028073554065088943,2.2630913
331968,0.125,2.370850523366578e-06,0.003652427230991413,2.311401
332032,0.125,1.1758236088839196e-05,0.004350446138039844,2.3523502
332096,0.125,2.4803807297991475e-06,0.002828151226864585,2.656448
332160,0.125,1.0790350790027478e-05,0.0031821920449336613,2.2989547
332224,0.125,6.109445568802977e-06,0.004459906215138062,2.2327309
332288,0.125,1.1866070603429386e-05,0.003277167540703249,2.1845253
332352,0.125,9.781132785367673e-06,0.004424252696526946,2.1307657
332416,0.125,3.982926423395485e-06,0.004024131751060318,2.1398516
332480,0.125,9.425558785778547e-06,0.003837474348918884,2.226831
332544,0.125,3.268349348785128e-05,0.00387234182317926,2.2359867
332608,0.125,9.913164804757162e-06,0.0030586748710211167,2.1635463
332672,0.125,3.415296313819902e-06,0.00550268206151308,2.1123035
332736,0.125,7.357680956343556e-06,0.004212834849992114,2.0947013
332800,0.125,2.2506053306368086e-05,0.003028333339967256,2.2419984
332864,0.125,1.1031766183325606e-05,0.004308471155733624,2.0723355
332928,0.125,3.990076230773787e-06,0.003504802847125694,2.1224892
332992,0.125,2.9554339619890575e-05,0.0039147422992744695,2.126325
333056,0.125,9.265476507719615e-06,0.0030134609114692876,2.0894465
333120,0.125,3.459017201031221e-05,0.004070593676252526,2.0906284
333184,0.125,1.0300206874929579e-05,0.003729950814871454,2.0982192
333248,0.125,9.462557372354681e-06,0.004151548334149503,2.157767
333312,0.125,8.21359527492325e-06,0.004496561162395484,2.1093974
333376,0.125,9.556643373137932e-06,0.004428480759286649,2.1136737
333440,0.125,2.5111686641187404e-05,0.0039119706959307105,2.152278
333504,0.125,5.265410589497323e-06,0.002400624531156628,2.1083028
333568,0.125,4.412671538179774e-06,0.0046920676039113665,2.1154046
333632,0.125,8.835222865786072e-06,0.004192562557830141,2.1477168
333696,0.125,7.136278322458352e-06,0.004925896094979506,2.2179573
333760,0.125,4.896780550240049e-06,0.004618811324261184,2.136219
333824,0.125,3.5684983879176114e-05,0.005007932729429122,2.1542263
333888,0.125,1.1960905139623623e-05,0.007150785040379802,2.237915
333952,0.125,1.551290293696829e-05,0.00492881725625249,2.22035
334016,0.125,4.516222003736397e-06,0.003213559776887653,2.14159
334080,0.125,7.296224092123492e-06,0.005435383516579337,2.1402214
334144,0.125,8.08702319266057e-06,0.004105980275271063,2.166062
334208,0.125,3.6561754054630114e-06,0.0028307005054049924,2.1100442
334272,0.125,6.96326296853134e-06,0.006473741115475874,2.108043
334336,0.125,1.0551745644950467e-05,0.0027153196983688522,2.1484506
334400,0.125,8.246105178517228e-06,0.005993067426745802,2.1844816
334464,0.125,2.5703168247973128e-06,0.0030326839670433816,2.1107779
334528,0.125,6.845081674216566e-06,0.0026127042584530363,2.166524
334592,0.125,7.460757432587242e-06,0.003934165476671473,2.2304301
334656,0.125,6.987550574871581e-06,0.004611057496663691,2.2134745
334720,0.125,9.498448746334867e-06,0.006243857445935078,2.3773198
334784,0.125,7.429824234377858e-06,0.007613962178699468,2.240749
334848,0.125,4.542550935063748e-06,0.004186762415211387,2.2593164
334912,0.125,8.017797787675521e-06,0.004405005098742712,2.4700131
334976,0.125,2.160875384242852e-05,0.004399849498639987,2.4201672
335040,0.125,1.2131541841655472e-05,0.00404444579012107,2.4666886
335104,0.125,7.1807023955481235e-06,0.0050305911484460515,2.5566075
335168,0.125,2.968186383844561e-05,0.005085407133073842,2.197817
335232,0.125,5.936937117941847e-06,0.003874911940238408,2.3080857
335296,0.125,6.607543193685632e-06,0.004483566198910637,2.21902
335360,0.125,2.533879942395016e-06,0.004124590096526513,2.1489286
335424,0.125,8.955684854320223e-06,0.004189669675804338,2.241452
335488,0.125,1.2010616268057093e-05,0.004627757218953322,2.1258202
335552,0.125,1.0712066612133161e-05,0.0032000316356482752,2.2461321
335616,0.125,4.086002195153539e-06,0.0032089588784533886,2.1313934
335680,0.125,8.099654604697254e-06,0.0044912745569317715,2.1731608
335744,0.125,4.086153063010555e-06,0.004652195912119573,2.1945617
335808,0.125,1.8791137723099358e-06,0.004491124291822671,2.1470609
335872,0.125,4.3233880317548345e-06,0.009662703441427941,2.1463108
335936,0.125,5.571161149332082e-06,0.0035627987707679176,2.1559725
336000,0.125,4.473022318639592e-06,0.005833320733796258,2.3510737
336064,0.125,5.581440044851328e-06,0.003994426063090976,2.3417041
336128,0.125,8.211313614227832e-06,0.0030022464069254314,2.2883189
336192,0.125,1.139689966824004e-05,0.005288482600818266,2.28732
336256,0.125,7.2289706143683976e-06,0.00370752719909584,2.1466684
336320,0.125,2.2905874523801382e-05,0.007539667767292427,2.1254516
336384,0.125,5.710501591205698e-06,0.004801694777704311,2.124364
336448,0.125,2.546654018060932e-05,0.006441839883840646,2.2323408
336512,0.125,6.853297188850194e-06,0.006249857312128581,2.151133
336576,0.125,2.5797290608920977e-06,0.0023136397285117368,2.204112
336640,0.125,3.622352814873397e-06,0.0034683433472198363,2.2197068
336704,0.125,2.359275381386065e-05,0.004364076361322874,2.1836584
336768,0.125,4.710302837362957e-06,0.006641454577656637,2.227503
336832,0.125,1.252665292236326e-05,0.004902286537725268,2.2644637
336896,0.125,6.34072595165148e-06,0.004273060510986581,2.0780103
336960,0.125,1.4304064230737286e-05,0.0039459377602226375,2.108106
337024,0.125,1.4365947920797038e-05,0.0031780860170665037,2.1694798
337088,0.125,1.4446217518803344e-05,0.003068881949084816,2.0999732
337152,0.125,4.9472953155529195e-06,0.003237734374490432,2.099222
337216,0.125,8.713474000991885e-06,0.006513766037830248,2.0802617
337280,0.125,8.533361443487405e-06,0.0038576700111310363,2.1172411
337344,0.125,3.2472980438339272e-06,0.003696090099087102,2.1002986
337408,0.125,1.188619247814044e-05,0.0031676475795043065,2.217923
337472,0.125,6.7615612722658395e-06,0.003760386433910246,2.1569026
337536,0.125,4.913519307924051e-06,0.003216574932847039,2.1197493
337600,0.125,4.665929268670592e-06,0.003287007086587133,2.2191634
337664,0.125,1.1973674828915859e-05,0.006831536540056768,2.228148
337728,0.125,6.116007879462956e-06,0.0027623633185550403,2.1733327
337792,0.125,7.470655218826625e-06,0.006786715886707359,2.0512826
337856,0.125,5.545174631377198e-06,0.0038655261264494314,2.0404959
337920,0.125,1.910201644662585e-05,0.006484824054906288,2.1423564
337984,0.125,2.3733161736230838e-05,0.003749084636570591,2.1537883
338048,0.125,8.955906301556326e-06,0.003597705792562244,2.3993864
338112,0.125,1.0983929677463246e-05,0.0059449170407269184,2.1572661
338176,0.125,4.886505693201676e-06,0.004538927868612422,2.0974834
338240,0.125,9.989988981246468e-06,0.006815697239347644,2.0949442
338304,0.125,1.2552311439772363e-05,0.003385315579543921,2.3751788
338368,0.125,9.340900997151977e-06,0.007025296335373319,2.3391254
338432,0.125,1.5765508113724756e-05,0.004253629661805157,2.3107169
338496,0.125,1.317798405367633e-05,0.006568054107155397,2.3650439
338560,0.125,2.435008788051551e-05,0.004351143032273001,2.3356194
338624,0.125,1.22712291155909e-05,0.0021386899598792608,2.1296017
338688,0.125,3.4322196364849756e-05,0.001932753437970251,2.3398552
338752,0.125,1.3492673078084637e-05,0.0037752844213515546,2.2300508
338816,0.125,8.975474073227826e-06,0.0047494279058685265,2.3473718
338880,0.125,6.045099199629987e-06,0.002493325888817556,2.6459692
338944,0.125,3.466317442119191e-06,0.002529951533970078,2.55168
339008,0.125,7.245329719746704e-06,0.004595475055967835,2.3709016
339072,0.125,9.724914440302792e-06,0.003348844709923464,2.3160994
339136,0.125,4.833878630776497e-06,0.004062686036159539,2.3681452
339200,0.125,1.9555597751766767e-05,0.003284774124075419,2.3337986
339264,0.125,7.491558153336127e-06,0.0040288857787469075,2.1446943
339328,0.125,1.2641646953706905e-05,0.006921936043609764,2.278882
339392,0.125,3.459662789892227e-06,0.0034001984224957204,2.255813
339456,0.125,1.094169243646682e-05,0.0057631995022351876,2.3472245
339520,0.125,2.2979574701758504e-05,0.007880873119614176,2.2226224
339584,0.125,1.580897075369225e-05,0.006377205797587481,2.302422
339648,0.125,9.206403495196419e-06,0.005276998996289308,2.4144208
339712,0.125,2.5300234835659756e-05,0.003347369887780018,2.4014907
339776,0.125,1.5907485904516356e-05,0.0045664077796619615,2.2656238
339840,0.125,5.550715047704378e-06,0.00469844662391028,2.4510207
339904,0.125,1.3220381158215806e-05,0.0036212660522450483,2.4930031
339968,0.125,6.192962171133212e-06,0.004259836710953,2.2732065
340032,0.125,4.515926431157768e-06,0.0035845533473872477,2.5402656
340096,0.125,9.419692051661163e-06,0.008968372347589017,2.5487878
340160,0.125,5.720024078187517e-06,0.002714457731822133,2.2106342
340224,0.125,2.552191755406175e-06,0.0022366444171195137,2.1734407
340288,0.125,1.2478125888666587e-05,0.005729760764345995,2.3092082
340352,0.125,9.157550558261504e-06,0.004391340429249232,2.3463159
340416,0.125,3.830103282393427e-06,0.0035962866910623937,2.2593458
340480,0.125,1.4412076176333011e-05,0.004012236817833412,2.1531084
340544,0.125,4.440687662492787e-06,0.005956160171018408,2.0613394
340608,0.125,9.431755600248303e-06,0.005536767625221342,2.7425392
340672,0.125,3.9617451802955185e-06,0.005226259994793552,2.612057
340736,0.125,7.556871624389671e-06,0.0038653769542411724,2.368667
340800,0.125,1.1695255503792234e-05,0.004598859120110354,2.3872793
340864,0.125,4.9344568418693366e-06,0.0024244958138876726,2.1142063
340928,0.125,7.100128214641563e-06,0.005958442784486808,2.1055894
340992,0.125,1.0087477427845418e-05,0.0027425899869330554,2.1216135
341056,0.125,4.425034052453527e-06,0.005360309352550992,2.1141245
341120,0.125,3.6602643258456565e-06,0.004089447117565892,2.5744734
341184,0.125,4.9782482624631e-06,0.0032934620139198393,2.299191
341248,0.125,1.5155724163134014e-05,0.004445867549875286,2.1359253
341312,0.125,3.0184202295037957e-05,0.0036566523079457464,2.0531197
341376,0.125,8.561005497238193e-06,0.004975952170058658,2.0308588
341440,0.125,1.760881228330424e-05,0.005398904352043513,2.2523398
341504,0.125,1.1097289246709052e-05,0.003551152693427831,2.0304492
341568,0.125,8.74236007511883e-06,0.004116998393402224,2.1273472
341632,0.125,8.538688846531127e-06,0.004554616120311028,2.0721433
341696,0.125,2.0275404630258307e-05,0.004719811519467081,2.1341484
341760,0.125,1.2412346461605432e-05,0.004131273118841507,2.4747753
341824,0.125,1.3901396643148291e-05,0.0035017998497931164,2.4534929
341888,0.125,6.409707931074201e-06,0.004046495586737065,2.7489355
341952,0.125,1.801618537492595e-05,0.006020153832735719,2.1773288
342016,0.125,6.131171898381255e-06,0.010743751867538114,2.2552195
342080,0.125,1.5083302001857457e-05,0.004313890367025102,2.6258962
342144,0.125,6.017264578731977e-06,0.006923265377234785,2.7167418
342208,0.125,7.821161987008888e-06,0.00398016928679056,2.5938184
342272,0.125,1.036492103909292e-05,0.004230341349494778,2.6963415
342336,0.125,1.1719714737493048e-05,0.003491094357724617,2.3726966
342400,0.125,6.684051628771664e-06,0.003477476707044669,2.2597704
342464,0.125,4.287612341842408e-05,0.00255555685836877,2.5374808
342528,0.125,1.7162725581560688e-05,0.005770685808677475,2.3481715
342592,0.125,1.0389473709548101e-05,0.0028046014714175416,2.3581438
342656,0.125,1.4464642456664376e-05,0.0030800064624570754,2.4168112
342720,0.125,7.316308051403419e-06,0.002644881150687573,2.3301942
342784,0.125,4.543410722037885e-06,0.003060527151900045,2.3206725
342848,0.125,6.220863494820058e-06,0.004693208360539575,2.5039127
342912,0.125,8.291632691630631e-06,0.0023835266657664974,2.493279
342976,0.125,3.319674372340462e-05,0.00505315953705383,2.2762725
343040,0.125,9.761634174587888e-06,0.002074242752980736,2.353578
343104,0.125,7.4243284187728995e-06,0.00393538145162694,2.3730414
343168,0.125,3.798962408498e-06,0.0026342445442145155,2.2530403
343232,0.125,1.1474075843577782e-05,0.0054114570389773246,2.2010622
343296,0.125,2.0635801559676823e-05,0.006433338705258346,2.2627254
343360,0.125,9.97190494792279e-06,0.007405314065123996,2.4095974
343424,0.125,3.945108831921672e-06,0.002938381937545439,2.218319
343488,0.125,1.0260475321687846e-05,0.0053552163552285734,2.1749778
343552,0.125,4.677850346124735e-06,0.003917319950564908,2.1495893
343616,0.125,6.740564897652597e-06,0.002259783209891256,2.1405294
343680,0.125,3.956368988678694e-05,0.0046543630470717865,2.2198143
343744,0.125,7.664370056656237e-06,0.003664271666446319,2.1780088
343808,0.125,5.772900586415202e-06,0.002302618035320154,2.153856
343872,0.125,3.42679237548747e-05,0.0029710275413537507,2.2139165
343936,0.125,1.0828234570438034e-05,0.003690440850413092,2.0023322
344000,0.125,1.7623543769966386e-05,0.003443657273424339,2.0931015
344064,0.125,1.2210195227616372e-05,0.005760889175979015,2.0326788
344128,0.125,1.0379037582620748e-05,0.005549449487167228,2.1142302
344192,0.125,9.417348854297097e-06,0.0034219058534408595,2.1307888
344256,0.125,2.5766815460638834e-05,0.005755721472429196,2.045394
344320,0.125,1.127559378384857e-05,0.0021617683299492234,2.123825
344384,0.125,4.6320631578108785e-05,0.003648720836557148,2.0779626
344448,0.125,1.0391451604398087e-05,0.003935856788447974,2.0902352
344512,0.125,5.983246480788584e-06,0.0034193417862289285,2.1986618
344576,0.125,1.5682030948896874e-05,0.0047325018401736365,2.2152722
344640,0.125,3.686480039299921e-05,0.005027369594837512,2.0413606
344704,0.125,7.676261044449942e-06,0.003965209338260519,2.0578814
344768,0.125,1.2418322532943213e-05,0.00501212814360186,2.085282
344832,0.125,9.2585231019188e-06,0.003131842671640482,2.1566224
344896,0.125,3.538673216134138e-05,0.003793257084164709,2.1902387
344960,0.125,8.050416920325159e-06,0.0035953433936544064,2.1026826
345024,0.125,1.0001058729353511e-05,0.003317289639750631,2.0505016
345088,0.125,4.181577684234717e-06,0.002585231039035486,2.0911596
345152,0.125,1.8594457882826332e-05,0.0036937662689605732,2.0533662
345216,0.125,7.209861416176005e-06,0.003278349659388693,2.0601177
345280,0.125,5.220491407884475e-06,0.0038454697698960673,2.0598857
345344,0.125,1.5017969448884195e-05,0.004171944818741456,2.1802678
345408,0.125,1.6311727073078942e-05,0.0038888010322740327,2.1491044
345472,0.125,1.1170699416042928e-05,0.004732930570236717,2.1277843
345536,0.125,1.6947448919897446e-05,0.005403936615944779,2.05748
345600,0.125,1.9371031198013816e-05,0.003905075334801772,2.0385616
345664,0.125,1.9637669338687766e-05,0.003118376557675762,2.0820363
345728,0.125,6.2847553432276366e-06,0.0037143610982094525,2.0923164
345792,0.125,2.1645895276527514e-05,0.0036992633582323244,2.1336021
345856,0.125,1.1928075497447686e-05,0.0030293659529266386,2.0240102
345920,0.125,1.4677711661218127e-05,0.0034256961699362636,2.0855858
345984,0.125,5.90008530117071e-06,0.0034472136564253717,2.0645423
346048,0.125,1.146527727280958e-05,0.0027910085533694408,2.0905242
346112,0.125,1.3154688504605025e-05,0.002602592180083942,2.123342
346176,0.125,8.859177886005718e-06,0.002166436132019627,2.1252892
346240,0.125,2.7670697338629977e-05,0.0032318384072686913,2.1144364
346304,0.125,6.047201297918496e-06,0.003153045837226878,2.044284
346368,0.125,2.6772573345008755e-05,0.0035786422560073875,2.06296
346432,0.125,8.908897833730343e-06,0.0029437461499655015,2.0225334
346496,0.125,2.711718643588672e-05,0.005820312847209838,2.0741093
346560,0.125,1.688130917092402e-05,0.00570058936848646,2.07756
346624,0.125,2.9738185035080107e-06,0.0025857822655094183,2.0294733
346688,0.125,3.126934860325302e-05,0.004187828216558202,2.1256042
346752,0.125,1.35431447727079e-05,0.00646604537231805,2.0848303
346816,0.125,8.786483830134892e-06,0.0047844229497096035,2.088348
346880,0.125,1.54877671065393e-05,0.006776906791525186,2.112149
346944,0.125,1.716030614137748e-05,0.006853850885366161,1.9661818
347008,0.125,7.3146421431447566e-06,0.006832777512801379,2.0010195
347072,0.125,7.078457572818854e-06,0.00558201472207987,2.0167358
347136,0.125,6.206630151298939e-06,0.002798582245720589,2.0157216
347200,0.125,1.1656118060242478e-05,0.0038983378752624437,2.1046817
347264,0.125,3.422314993396711e-05,0.004836561489485309,2.0797822
347328,0.125,9.423517778211695e-06,0.0029709512825267337,1.9280384
347392,0.125,1.4451757927033661e-05,0.005212228624639131,1.9359303
347456,0.125,3.333293003600821e-05,0.004162239391008527,1.9386909
347520,0.125,1.1844075606543799e-05,0.0031844400192723482,1.9506211
347584,0.125,2.470777810475789e-06,0.0027261225351127654,1.9365804
347648,0.125,6.740339055428152e-06,0.00576133562516962,1.941386
347712,0.125,1.4821787970377443e-05,0.003923546746607619,1.9306005
347776,0.125,8.482271565995543e-06,0.0033468173080074956,2.0187695
347840,0.125,1.4080598872776144e-05,0.0042371268434305545,1.9318514
347904,0.125,2.7681468294566358e-05,0.004611139556253537,1.9323856
347968,0.125,1.0508164276481168e-05,0.004733057800623563,1.9272655
348032,0.125,1.094910620443471e-05,0.004640481591596542,2.545388
348096,0.125,5.967263539992126e-06,0.0039931475033997904,2.2600026
348160,0.125,1.0657727028676135e-05,0.004577288061203197,2.071982
348224,0.125,7.258597805771538e-06,0.005228748658892592,2.0086558
348288,0.125,7.344094236317476e-06,0.0028202927532252143,2.135562
348352,0.125,1.2727355561539857e-05,0.005865846861882858,2.1433394
348416,0.125,1.9048348751110626e-05,0.0030798469777294922,1.9520687
348480,0.125,9.777002658142893e-06,0.004903173751027013,1.9131162
348544,0.125,6.770299065502033e-06,0.004590957186747679,1.9790542
348608,0.125,9.033467946999524e-06,0.0028440285071237,2.7610714
348672,0.125,7.0253967582539295e-06,0.0037876409194177846,2.5513992
348736,0.125,6.805788062627381e-06,0.004840268173068424,2.157052
348800,0.125,4.483664194064328e-06,0.005303615887304872,2.0747256
348864,0.125,2.62504427543181e-05,0.002680695332462923,2.113144
348928,0.125,7.170313596014793e-06,0.0036401098521090117,2.053863
348992,0.125,7.226169088982015e-06,0.005550953375180066,2.0463538
349056,0.125,3.469036200171291e-05,0.003871807429362917,2.057799
349120,0.125,1.1481533488146364e-05,0.0024178255592273664,2.0284264
349184,0.125,8.526938051619454e-06,0.0029320711655997484,2.0589337
349248,0.125,2.9024692973134438e-06,0.0038642977549311953,2.068902
349312,0.125,7.261867126221027e-06,0.0027836122792765186,2.2345347
349376,0.125,8.248782688241031e-06,0.004311588064593057,2.5537927
349440,0.125,9.417050035787776e-06,0.004216005791122018,2.1137013
349504,0.125,5.314795928273662e-06,0.003454614910469987,1.8897369
349568,0.125,4.331860713320327e-06,0.002407051814486805,1.9246702
349632,0.125,6.255752176487603e-06,0.002923226721823206,2.0965889
349696,0.125,9.679735389562281e-06,0.003009510282657376,1.9736031
349760,0.125,5.500533908054083e-05,0.0034548366699960085,1.9616749
349824,0.125,1.1015947024049247e-05,0.005834996148857062,1.9672791
349888,0.125,3.7688042804119766e-06,0.004576479816400069,1.9982475
349952,0.125,5.3068553321780964e-06,0.004545454943141095,2.0295656
350016,0.125,1.7377144199434745e-05,0.003977245295791676,2.144411
350080,0.125,4.90493108874408e-06,0.0024349732048775494,2.0191605
350144,0.125,9.620835840041629e-06,0.002736206786308428,2.023353
350208,0.125,1.4750214525824547e-05,0.003946191598121372,2.0940897
350272,0.125,9.161147379850097e-06,0.0077927984030964365,2.1264808
350336,0.125,8.594715826644222e-06,0.002821694642150767,2.2865672
350400,0.125,4.435809996107916e-06,0.0033646456854513718,2.226091
350464,0.125,5.6442971963102215e-06,0.004138504272541213,2.183338
350528,0.125,8.788234512203889e-06,0.004686145159969852,2.0456598
350592,0.125,8.067298971417436e-06,0.0021278199644665747,2.184099
350656,0.125,1.2166703616733176e-05,0.00399770510956989,2.160518
350720,0.125,1.5115823390573114e-05,0.0046924891263340545,2.1151352
350784,0.125,7.808277077703484e-06,0.003157015622907711,2.259367
350848,0.125,9.695090158095615e-06,0.0033442203666056362,2.5114372
350912,0.125,8.179581264614826e-06,0.0022827131021293163,2.7396073
350976,0.125,6.537455815089827e-06,0.003947354468042562,2.4895055
351040,0.125,5.882599749731605e-06,0.003602657079643305,2.5017335
351104,0.125,8.583171542649029e-06,0.0030099067450235634,2.5395331
351168,0.125,4.042183446201014e-06,0.0028277949851685,2.2714128
351232,0.125,8.244271329371095e-06,0.0028279012771593873,2.3530943
351296,0.125,7.615025631674669e-06,0.006097503266020443,2.423992
351360,0.125,1.6787803092726144e-05,0.008354874867968471,2.167172
351424,0.125,9.392318292365588e-06,0.0033247201595540832,2.2021525
351488,0.125,1.121021772835602e-05,0.0068608434300269,2.2180734
351552,0.125,9.631492502552864e-06,0.004612072172395903,2.371197
351616,0.125,5.483193437124664e-06,0.0024844309714244983,2.384482
351680,0.125,5.619086208179098e-06,0.0032785236314655554,2.3398023
351744,0.125,3.515868132656642e-05,0.002106695882886788,2.3916473
351808,0.125,2.5864248061619147e-05,0.003788635193735962,2.2448366
351872,0.125,5.9486708176651926e-06,0.008747207348645822,2.2301297
351936,0.125,1.1256875078305083e-05,0.0048907476169578745,2.2124794
352000,0.125,8.38727408186161e-06,0.0037525044778506534,2.1810482
352064,0.125,1.2493019756301288e-05,0.003990393967719885,2.1884093
352128,0.125,9.156124734659462e-06,0.0027473272448940104,2.1818647
352192,0.125,7.926556509458894e-06,0.004048537466802083,2.1901567
352256,0.125,7.565129594472213e-06,0.003784665820467207,2.134078
352320,0.125,9.070322851322373e-06,0.0018045972574901807,2.1487052
352384,0.125,4.281419243548916e-06,0.002397488809900386,2.0228202
352448,0.125,1.1868699609351302e-05,0.003260907760613553,2.05489
352512,0.125,4.207130349413464e-06,0.0038025261847584404,2.0699682
352576,0.125,2.569634777585578e-05,0.005011143247974624,2.106158
352640,0.125,6.517782466039868e-06,0.003512366835685823,2.026523
352704,0.125,8.10535812107294e-06,0.003478183033898541,1.9886004
352768,0.125,9.746590573278397e-06,0.007293983553464483,2.009671
352832,0.125,8.792847849874889e-06,0.003568477010060645,2.0656054
352896,0.125,6.649741182170328e-06,0.003496710070234843,2.2510147
352960,0.125,7.002662367781997e-06,0.00418762403240087,2.1238265
353024,0.125,9.526135756704892e-06,0.004874960109627256,2.2141047
353088,0.125,2.5545211499376212e-06,0.002131963594675801,2.1576598
353152,0.125,1.3127444401234258e-05,0.00405054143655546,2.1508753
353216,0.125,6.743684323549585e-06,0.0038868991470455286,2.0832677
353280,0.125,3.374407109093246e-06,0.002475818323261923,2.145242
353344,0.125,3.193551079324307e-06,0.0020597139860736883,2.084163
353408,0.125,7.907440671778287e-06,0.0028685341514571743,2.0588353
353472,0.125,2.0817262720775623e-05,0.0032452418761068054,1.9947388
353536,0.125,1.0876842018046995e-05,0.004812904362540098,1.9841568
353600,0.125,2.580342073471024e-06,0.002101879346663822,2.1515229
353664,0.125,5.283965201333946e-06,0.0030125337602982236,2.0204115
353728,0.125,3.888176832155858e-06,0.002504988970199097,2.0229943
353792,0.125,5.841110671875411e-06,0.0030122556108587127,1.9433721
353856,0.125,1.2307231862513461e-05,0.003581641518675299,1.941349
353920,0.125,5.2390494349324745e-06,0.007066263660998064,2.1040075
353984,0.125,1.2400722891550995e-05,0.0027714466409237194,1.9311975
354048,0.125,5.460463470785931e-06,0.0038516351737612822,1.9996322
354112,0.125,8.110361503103857e-06,0.0020415855515205977,1.909819
354176,0.125,4.2408296165062834e-06,0.003757847921374559,2.141061
354240,0.125,2.672936738530204e-05,0.0033757926662451206,1.9860607
354304,0.125,3.9527779602779625e-06,0.003226577594090864,1.9663408
354368,0.125,1.224484862380971e-05,0.004216916478921687,1.9753039
354432,0.125,1.2080847536425245e-05,0.004202095265418992,2.0091414
354496,0.125,8.270059470411374e-06,0.0034382942650331987,1.9924686
354560,0.125,9.333797375406192e-06,0.00245628025213539,1.9710133
354624,0.125,3.942882282926862e-06,0.0018663971322897294,1.9991475
354688,0.125,4.063261816782744e-06,0.0019881230891290328,2.0454757
354752,0.125,4.578020826169745e-06,0.0032262635298377163,2.0221395
354816,0.125,1.1253204689546058e-05,0.003984895460011911,2.0435405
354880,0.125,7.439959714555693e-06,0.004027915234451569,2.0462487
354944,0.125,4.477739298878319e-06,0.0031228985731237883,2.000102
355008,0.125,3.567004339058328e-06,0.00251231069782618,1.9837701
355072,0.125,9.647602907217155e-06,0.0059563396600594,1.9420089
355136,0.125,3.08809193561639e-05,0.0024051204216266934,2.0021737
355200,0.125,3.901658274988709e-06,0.003346929775980574,2.0171714
355264,0.125,6.871479466586354e-06,0.00496630467501492,1.9871522
355328,0.125,7.084991955987888e-06,0.0033891514847588723,1.9828306
355392,0.125,5.073259772351154e-06,0.0035431510294698936,2.1434038
355456,0.125,3.5780326703031396e-06,0.0035650907902254245,1.9831477
355520,0.125,6.6210306126928944e-06,0.004214495609752783,1.9098456
355584,0.125,4.380565669769298e-06,0.003625803054495628,1.9683653
355648,0.125,1.066495975750589e-05,0.003278644703222803,2.0362365
355712,0.125,1.684401880421507e-05,0.003964407595711403,1.9727533
355776,0.125,1.5390787331811536e-05,0.0027847129103911587,1.9802816
355840,0.125,9.423289529386053e-06,0.00411383069693194,1.9665283
355904,0.125,1.862166601434357e-05,0.0029068303049664236,2.0296793
355968,0.125,8.250337954009706e-06,0.006062650200899137,1.9297035
356032,0.125,4.278394859041855e-06,0.0036220751859805528,1.9434283
356096,0.125,8.128994941129371e-06,0.003212053024185708,1.9418553
356160,0.125,9.655242814897776e-06,0.00437484716870905,1.9380509
356224,0.125,7.532563156780207e-06,0.0041082487741847746,1.9422044
356288,0.125,5.121647992798e-06,0.0036000238670826283,1.950554
356352,0.125,7.321606837045345e-06,0.002767263535285291,2.0069654
356416,0.125,5.373981528677256e-06,0.0029928035335850737,1.9757953
356480,0.125,5.8962527422384056e-06,0.0019217381378543905,1.9365926
356544,0.125,1.1546497963731628e-05,0.0030015372343017116,1.9302156
356608,0.125,2.973584506366247e-06,0.005480778890795946,1.8943341
356672,0.125,6.298116407532986e-06,0.0037663139636734022,1.9310987
356736,0.125,1.2677281319908192e-05,0.0036703455852752052,1.9363066
356800,0.125,5.608759565479337e-06,0.002755438659638987,1.9113162
356864,0.125,9.920743981986701e-06,0.002248550717098925,1.9260409
356928,0.125,1.0590441633681075e-05,0.003836602854734434,1.9124823
356992,0.125,4.186752153429773e-06,0.0029392755343858805,1.8806157
357056,0.125,8.140545211019137e-06,0.0018597574429967739,1.8983068
357120,0.125,8.506587092111784e-06,0.003045466665339757,1.9101602
357184,0.125,2.167721993089878e-05,0.004475337643628332,1.9475312
357248,0.125,1.3288597936210802e-06,0.002111173498383591,1.8957968
357312,0.125,6.122882230834174e-06,0.003006499882894824,1.8617287
357376,0.125,2.0595047775002513e-05,0.004110245371164961,1.8642443
357440,0.125,5.401496579371856e-06,0.0027958124733531396,1.8576238
357504,0.125,6.229173594118249e-06,0.0025163246719057336,1.8664289
357568,0.125,4.256521256392813e-06,0.0028067484871517976,1.8918204
357632,0.125,9.178552264608003e-06,0.0024343034767025495,1.8969339
357696,0.125,1.9069681590930316e-05,0.0029125366903543707,2.5538006
357760,0.125,5.625293058175927e-06,0.0039876011909966815,1.8527938
357824,0.125,1.2081455248130443e-05,0.0028945149435099216,1.8950627
357888,0.125,1.0262416380405118e-05,0.00504187258113514,1.8644668
357952,0.125,1.0356125209851792e-05,0.005036903999710694,1.8580283
358016,0.125,1.5710303808671963e-05,0.005767059500856951,1.8803991
358080,0.125,5.39248791965087e-06,0.0029802526480312785,1.870401
358144,0.125,5.871772273179352e-06,0.0027431766134426412,1.8679775
358208,0.125,7.582697625882968e-06,0.004668189893975563,1.8312526
358272,0.125,5.602421449943691e-06,0.0031036773670620834,1.8417115
358336,0.125,1.7523900608121324e-05,0.0032335285797219543,1.8772542
358400,0.125,2.0233372577303547e-05,0.005371067571585918,1.7841111
358464,0.125,2.2434209121392538e-05,0.004641577373205344,1.7858235
358528,0.125,6.813137797906163e-06,0.0034975397778221743,1.8271036
358592,0.125,9.041228177497264e-06,0.0031803527654457498,1.8455864
358656,0.125,1.2910671921798993e-05,0.003790718764126896,1.823144
358720,0.125,4.411592868800463e-06,0.0024647870637814497,1.8173167
358784,0.125,6.831336655771027e-06,0.002174667157479165,1.8147395
358848,0.125,4.817508747488465e-06,0.005014665509068883,1.8490821
358912,0.125,1.2014601002702533e-05,0.0034434570803804554,1.804246
358976,0.125,2.7777758891746582e-05,0.004866114190278139,2.389591
359040,0.125,7.143523667794571e-06,0.005067023001826773,2.1679313
359104,0.125,7.839551581300251e-06,0.004825977296073757,2.0400636
359168,0.125,7.649715116270461e-06,0.0043953445721301625,2.0086052
359232,0.125,4.350987756540838e-06,0.003877434367977363,2.0915878
359296,0.125,7.561413950976953e-06,0.004350651966190864,2.0164862
359360,0.125,5.073420921910521e-06,0.003879912585120502,2.0130188
359424,0.125,5.119976727250598e-06,0.002782522489644905,1.9310098
359488,0.125,1.9417707734504457e-06,0.0025668339045544293,2.1449702
359552,0.125,2.8597364784069475e-05,0.005590890623756339,2.4583657
359616,0.125,7.035035514864781e-06,0.003756684751461983,2.2858977
359680,0.125,1.4064358970249443e-05,0.004321502223060507,2.3259149
359744,0.125,1.837945842510499e-05,0.003944994759356987,2.2565928
359808,0.125,1.1981128048989585e-05,0.004677597441304704,2.1198807
359872,0.125,4.54484559292572e-06,0.0033906955874968133,2.0200412
359936,0.125,2.2386232585977197e-05,0.0031581831247793936,2.064666
360000,0.125,9.070050265431982e-06,0.0033625169100498418,1.8614997
360064,0.125,3.165269485901138e-05,0.005222830518182146,2.2701747
360128,0.125,1.3132009158673371e-05,0.003871233748063413,2.1356437
360192,0.125,4.944045612227695e-06,0.005021870274808197,2.107353
360256,0.125,1.0728878683071773e-05,0.0029465680323798545,2.0108166
360320,0.125,7.96938050136548e-06,0.005457641670988446,1.9030023
360384,0.125,6.991287325235221e-06,0.0033907596140796224,1.8582059
360448,0.125,7.335153644633057e-06,0.0028830451797303334,1.9681028
360512,0.125,9.263928799657418e-06,0.002420952074604291,2.1860862
360576,0.125,4.627296263281243e-06,0.0024507136901326877,1.9896989
360640,0.125,1.3621116993750978e-05,0.004492069060216496,1.9256246
360704,0.125,7.869134772385248e-06,0.005387794649118163,1.9073738
360768,0.125,2.2521233871279094e-06,0.0029566579069072547,1.8984658
360832,0.125,7.335515728474771e-06,0.0029818724532495607,1.9051625
360896,0.125,5.646732145642909e-06,0.0032730441244622614,1.8521204
360960,0.125,6.120038015836564e-06,0.0021132256381024743,2.007078
361024,0.125,6.7060966379906885e-06,0.004006469725427879,1.84001
361088,0.125,7.101397466738421e-06,0.003976945438183949,2.0919156
361152,0.125,8.102264821320066e-06,0.0021906511379584646,2.1842208
361216,0.125,6.819001286305234e-06,0.005448298809276242,2.020926
361280,0.125,5.67264888394556e-06,0.004926326916722557,1.9537305
361344,0.125,2.7978629944407045e-05,0.0043642071958614435,1.9581183
361408,0.125,1.741330165615057e-05,0.005340045368422523,1.9557943
361472,0.125,1.200699578965308e-05,0.0050501306064891175,1.9124322
361536,0.125,6.925270045573303e-06,0.005144214532664886,1.9417024
361600,0.125,8.138526354902911e-06,0.004506613665698792,1.92503
361664,0.125,7.3573980520636615e-06,0.004960896686818444,1.9184304
361728,0.125,2.898799562121653e-06,0.002717556317853658,1.9196306
361792,0.125,1.694858168535846e-05,0.0027223075208082114,1.9541614
361856,0.125,6.237979859433242e-06,0.002585903950356846,1.9026117
361920,0.125,5.381427642192575e-06,0.0023542930080135147,1.9068745
361984,0.125,1.0463251774185128e-05,0.006238880240977522,1.9350694
362048,0.125,7.82790025854129e-06,0.0031951067482247756,1.9308639
362112,0.125,9.664087614388895e-06,0.003290023225662258,1.9723129
362176,0.125,6.834407236013699e-06,0.004682972875702207,2.3599372
362240,0.125,5.22036760422068e-06,0.006600653247085508,2.1159403
362304,0.125,1.9657606275871603e-05,0.0037036997140863703,1.9880567
362368,0.125,2.6475304068537666e-05,0.003782562524778605,1.9748194
362432,0.125,9.75375594066943e-06,0.0047838930247613405,1.9968898
362496,0.125,4.717525580012914e-06,0.004371569944711549,1.8812702
362560,0.125,5.773536812768611e-05,0.008390564869970914,1.934825
362624,0.125,9.127009593819736e-06,0.006082538939740307,2.004063
362688,0.125,1.747947822084892e-05,0.006014247916239899,1.9521662
362752,0.125,7.740710605535119e-06,0.003456151483772487,1.9045912
362816,0.125,1.6703733130954452e-05,0.004218026683041271,2.1810265
362880,0.125,6.8688508076980555e-06,0.0028319335630966323,2.0939898
362944,0.125,6.2339720322843745e-06,0.002467021106020527,2.0435321
363008,0.125,4.4286776479446225e-06,0.002039786645098624,2.0054302
363072,0.125,4.228420336743075e-06,0.002962181764283711,2.000395
363136,0.125,5.709369733707933e-06,0.003588815134046786,2.0099914
363200,0.125,5.947459405952297e-06,0.004927416979975747,2.037754
363264,0.125,5.743705769831856e-06,0.00276343455596136,2.0696828
363328,0.125,7.367272271977641e-06,0.003273346217947933,2.1183624
363392,0.125,8.123494955136633e-06,0.004523853245748774,2.057359
363456,0.125,6.501707203435617e-06,0.0024696309760318157,2.12621
363520,0.125,7.0879932637824056e-06,0.0050999675523686365,2.0197942
363584,0.125,1.4376151408833102e-05,0.0030882264781498508,1.957477
363648,0.125,5.921305263702446e-06,0.0047415536863859575,1.9962052
363712,0.125,1.1635667088755062e-05,0.010176174257190487,2.039541
363776,0.125,8.266729049978458e-06,0.003154697117364617,2.0292196
363840,0.125,1.0729825253037776e-05,0.005256176241215405,1.7747413
363904,0.125,4.4132659830907025e-06,0.0025392480595952693,1.8691374
363968,0.125,3.417182707795655e-05,0.005334377983671581,1.7976321
364032,0.125,2.216564717209103e-05,0.004655559447005628,1.7615656
364096,0.125,3.8108784505673335e-06,0.0028003003603228817,1.8077283
364160,0.125,6.520349977996258e-06,0.002329320171863774,1.8368138
364224,0.125,5.7545024323155215e-06,0.005227737691397799,1.8340545
364288,0.125,5.861929912876117e-06,0.004774281353336049,1.8740326
364352,0.125,6.066900157284359e-06,0.003961063033228805,1.8281758
364416,0.125,6.098812230829353e-06,0.003027694572596757,1.8970028
364480,0.125,5.511267600933771e-06,0.0038421017840270543,1.8030035
364544,0.125,6.002197790685687e-06,0.005138455838357865,1.8178955
364608,0.125,2.1295838543974063e-05,0.003054654399802917,1.8543888
364672,0.125,1.4028716319770356e-05,0.004614159552991857,1.9625067
364736,0.125,2.9791534183163334e-05,0.003063538855960307,1.8710463
364800,0.125,9.30959886791231e-06,0.003227420883468439,1.8171505
364864,0.125,1.1174464063621288e-05,0.005514058698302431,1.8926215
364928,0.125,7.520187934140271e-06,0.0029787684724313208,1.8584607
364992,0.125,6.585101173530445e-06,0.002409146503799346,1.751892
365056,0.125,3.886752861542096e-06,0.0030072327761870247,1.7524444
365120,0.125,2.3192017809238463e-05,0.004016397119502634,1.74239
365184,0.125,1.0401957882574401e-05,0.002807679674318742,1.767026
365248,0.125,5.250728696666202e-06,0.006545895700839088,1.7792562
365312,0.125,7.228882467847811e-06,0.003770532291976987,1.7845181
365376,0.125,2.355963829778616e-05,0.004498328282189258,1.982015
365440,0.125,1.4095752865346757e-05,0.0023868626599454195,1.9108614
365504,0.125,7.809477152490712e-06,0.003136617027439347,1.9566871
365568,0.125,8.589526881785895e-06,0.00315527430690022,1.9755979
365632,0.125,2.868290857915209e-06,0.0028172890156748106,2.0016584
365696,0.125,3.0943801209073835e-06,0.002577651458057046,1.9575837
365760,0.125,1.2167756363082225e-05,0.0025728778237327473,1.9537555
365824,0.125,3.19950651145201e-06,0.0036699538410942317,1.8774397
365888,0.125,5.7776662818157695e-06,0.003657018889039638,1.8392403
365952,0.125,5.384319779708503e-06,0.004673460839777801,1.8760866
366016,0.125,2.7656117235074775e-06,0.0028198224856407243,1.9769207
366080,0.125,4.789574025054007e-06,0.0026473035951007705,1.9998126
366144,0.125,1.3790356875867562e-05,0.007363435273802931,1.8859612
366208,0.125,1.0053214483390233e-05,0.0026796374487528087,1.8894342
366272,0.125,8.275355497563803e-06,0.0028104261835651227,1.8888574
366336,0.125,9.379064229305259e-06,0.0048222391780128404,2.0849628
366400,0.125,4.740458021660801e-05,0.007269293906371702,2.0700886
366464,0.125,4.58040115360794e-06,0.008932906272013206,2.0419643
366528,0.125,1.1977664305212853e-05,0.004243032055412814,2.0208771
366592,0.125,7.001805226409951e-06,0.0032555371850335017,1.8846908
366656,0.125,5.9802040642342625e-06,0.003435482905403364,1.8868386
366720,0.125,7.670653746156555e-06,0.010407554612513682,1.9317003
366784,0.125,5.361122408495617e-06,0.0033364745461551973,1.8978332
366848,0.125,2.1487223970346222e-05,0.0031771260912370107,1.8724358
366912,0.125,5.915808539413246e-06,0.0021228775242960033,2.035689
366976,0.125,9.759984999655658e-06,0.004598981217208737,1.8986757
367040,0.125,4.6173651994601385e-06,0.0023549095136051433,1.905529
367104,0.125,6.91373218215349e-06,0.00489875372249676,1.8985356
367168,0.125,5.487420126754489e-06,0.00432874083862362,1.9879625
367232,0.125,6.739779503805623e-06,0.005978528525247782,1.9491265
367296,0.125,3.0254865329567972e-05,0.003917643032770874,1.9672577
367360,0.125,6.304016068657489e-06,0.002582676669581827,2.037556
367424,0.125,7.540584561013561e-06,0.006658450893851426,1.9647413
367488,0.125,8.235726104216477e-05,0.004069210064563494,1.9043698
367552,0.125,1.951220968818335e-05,0.007063552132381228,1.8167531
367616,0.125,6.378799539722863e-06,0.005620200265026698,1.75742
367680,0.125,8.603281588791061e-06,0.003008052297486919,1.744643
367744,0.125,8.878263218997653e-06,0.004025537529393883,1.7515883
367808,0.125,1.324503907306573e-05,0.004451020464769736,1.7681876
367872,0.125,2.6101588122977292e-06,0.0036893483256688624,1.7350839
367936,0.125,1.3847531871937777e-05,0.0025490255263014637,1.8123003
368000,0.125,4.8969439044041225e-06,0.0030030374831230113,1.7708453
368064,0.125,4.160323886133251e-06,0.0024253130627712813,1.7980214
368128,0.125,5.193472528123901e-06,0.0038283475245538628,1.8703511
368192,0.125,1.3053562891432284e-05,0.002375088707859285,1.8369609
368256,0.125,5.715876638166061e-06,0.0021546302597379697,1.9969069
368320,0.125,6.440325932599073e-06,0.00359790548044633,1.9034588
368384,0.125,1.0908097524409746e-05,0.0023932932606375214,1.8083596
368448,0.125,4.311341046902766e-06,0.002629652947618491,1.8547904
368512,0.125,4.237336199926588e-06,0.002313356004883339,1.841239
368576,0.125,1.5577525235873244e-05,0.003093992234238632,1.8956951
368640,0.125,4.535164048763828e-06,0.0029571591206960413,1.8822038
368704,0.125,9.34076560721925e-06,0.0021183970188638243,1.8189564
368768,0.125,1.4974321830399665e-05,0.0031659214864082465,1.8139052
368832,0.125,1.3831976705891998e-05,0.004293267101436611,1.8005595
368896,0.125,3.4860465246635228e-06,0.0039039568264955574,1.7859857
368960,0.125,3.557129681991689e-06,0.002220300291043194,1.7892556
369024,0.125,5.863221829626257e-06,0.0030232850699968257,1.7829995
369088,0.125,2.6456947956875657e-05,0.002184416068605356,1.7672644
369152,0.125,9.95686622447204e-06,0.0039635148372006955,1.7749734
369216,0.125,9.992382682220094e-06,0.004772362298360995,1.7966373
369280,0.125,8.738990019283245e-06,0.005109070748544498,1.7999871
369344,0.125,7.099540316731044e-06,0.0024792361890205324,1.877652
369408,0.125,3.897148921630812e-05,0.006786164536083504,1.8236686
369472,0.125,6.264949915236125e-06,0.005256527246867527,1.7935708
369536,0.125,1.1815960850941356e-05,0.002727111641894676,1.8089751
369600,0.125,6.426912189893895e-06,0.004237552479700976,1.8243201
369664,0.125,5.834947034041501e-06,0.002584238313761882,1.8217536
369728,0.125,8.746344290265892e-06,0.0032430179236578698,1.8192375
369792,0.125,4.753277586071781e-06,0.003081038076170442,1.8223039
369856,0.125,1.829263854369892e-05,0.003485308895248332,1.8196642
369920,0.125,4.3402728504436235e-06,0.003332467775173234,1.7937049
369984,0.125,6.885926713825631e-06,0.0044461749834500104,1.7675729
370048,0.125,1.81414861571603e-05,0.0031643912125270354,1.7750255
370112,0.125,3.9281970717824535e-06,0.0035300028292689295,1.7641283
370176,0.125,4.949249176344053e-06,0.002601142593538221,1.7382615
370240,0.125,8.461296374575517e-06,0.00296994995243547,1.8575705
370304,0.125,4.1687013134276004e-06,0.002722639658662988,1.9588434
370368,0.125,1.6405595800133926e-05,0.0029319061624093245,1.8540984
370432,0.125,9.36542313850557e-06,0.0023336301387917677,1.88969
370496,0.125,2.3128254352584665e-05,0.0027033836503993357,1.8521913
370560,0.125,6.718050963643562e-06,0.002163439823592225,1.9235425
370624,0.125,4.808676437771508e-06,0.0026503551133894134,1.9267174
370688,0.125,4.149952100865702e-06,0.0032743181336990232,1.9089519
370752,0.125,3.4643814954357046e-06,0.0034289596629512747,1.8818696
370816,0.125,1.542971133889382e-05,0.00318434047818089,2.0205808
370880,0.125,9.012999304899596e-06,0.0024708486038508767,1.9238621
370944,0.125,5.785717580370965e-06,0.002002194679688079,1.8973813
371008,0.125,2.930112881417943e-06,0.0022775989553063558,1.821468
371072,0.125,4.0744493339669335e-06,0.002312222308532146,1.860411
371136,0.125,6.37275110964809e-06,0.0024252775708489467,1.8823916
371200,0.125,1.9049102158537946e-05,0.005515618407874541,1.8757751
371264,0.125,7.872419435791471e-06,0.002545405943795203,1.8743767
371328,0.125,3.1909036622907248e-06,0.0023034390850627186,1.9509875
371392,0.125,5.6582797741916406e-06,0.0021923598588378425,2.0108774
371456,0.125,5.979880549514179e-06,0.00431946093214583,2.011071
371520,0.125,7.689685480112351e-06,0.0020022834332503905,2.0522358
371584,0.125,3.1622745204623712e-06,0.0019956757078347597,1.9869047
371648,0.125,3.985948861664875e-06,0.0032365694158718065,1.9204023
371712,0.125,6.273899257059474e-06,0.0032660741965067595,1.9322847
371776,0.125,4.166145952965875e-06,0.0031022700845388003,1.880102
371840,0.125,8.758994568318764e-06,0.0041640006301458645,1.8471737
371904,0.125,1.8493387131312174e-06,0.002634301456256705,1.854861
371968,0.125,4.436093779682548e-06,0.0022308986731578227,1.9797347
372032,0.125,6.662962500218813e-06,0.002237766372402345,1.996001
372096,0.125,6.472894418234423e-06,0.002837774482926751,2.0463655
372160,0.125,4.9697331433624925e-06,0.003145304211961053,2.0085928
372224,0.125,9.816672841132692e-06,0.004308592621692006,1.9656333
372288,0.125,1.2271363940010036e-05,0.005032393437412282,1.9745419
372352,0.125,8.283185079342153e-06,0.003502213554997204,1.9620792
372416,0.125,6.166289045423416e-06,0.00238804667489154,1.9355651
372480,0.125,3.838226233331763e-06,0.0039599448252956165,1.922967
372544,0.125,4.194023303005944e-06,0.002769399570622418,1.900746
372608,0.125,9.705453431433503e-06,0.004543343277779849,2.0201824
372672,0.125,1.0828790007035579e-05,0.0041368268877535015,2.034092
372736,0.125,1.8070962551526e-05,0.002601415425618936,2.0278811
372800,0.125,2.277926526606921e-06,0.0028283174340145495,2.0592244
372864,0.125,6.17608678391399e-06,0.0021274118053142862,1.9565837
372928,0.125,4.964194759404199e-06,0.0024214105934011855,1.9450823
372992,0.125,4.038470477145627e-06,0.004380669850886398,1.9919082
373056,0.125,8.208509101819663e-06,0.0038904524109273485,2.0348408
373120,0.125,6.860139794858439e-06,0.0038404176287137443,2.0832224
373184,0.125,9.715082308344998e-06,0.00515642993965888,1.9926983
373248,0.125,4.961307457350981e-06,0.002831083866631717,1.9122798
373312,0.125,4.9993203288029735e-06,0.0055909950283432345,1.7970991
373376,0.125,2.6673466119768448e-05,0.005358628664980763,1.8590467
373440,0.125,8.782764027016019e-06,0.004000832775439875,1.8367064
373504,0.125,1.3411638222912274e-05,0.0032948738583603956,1.8707342
373568,0.125,1.0547889374560306e-05,0.0031835649379194837,1.8525505
373632,0.125,3.4499373947110318e-06,0.0022241773136473775,1.7769003
373696,0.125,8.87008043915069e-06,0.0015765294108544875,1.8912146
373760,0.125,2.1326806727185446e-05,0.0021782078814126765,1.8916948
373824,0.125,7.892600515074899e-06,0.0030181732612667355,1.920349
373888,0.125,3.423348131472169e-06,0.0025074193830467236,1.9489055
373952,0.125,3.3078760803185612e-06,0.0031049224945761547,1.9385617
374016,0.125,6.8073079051500945e-06,0.0035712071561154702,1.9365029
374080,0.125,2.1323760081071676e-05,0.0034520673150180473,2.0017233
374144,0.125,2.1848698926740022e-05,0.00246828153823286,1.9092777
374208,0.125,1.393390104171807e-05,0.0025381388392811785,1.8940372
374272,0.125,4.2595504101423745e-06,0.002373841830477536,1.8672283
374336,0.125,2.6177485099181446e-05,0.002482965138057511,1.9685563
374400,0.125,6.413170069975833e-06,0.004040245811881384,1.9276675
374464,0.125,4.487219596578914e-06,0.0017970497589766701,1.8006376
374528,0.125,2.493168000162806e-05,0.004180118920700074,1.8686091
374592,0.125,8.783847683284539e-06,0.003931258906913567,1.8308984
374656,0.125,8.376758848550565e-06,0.00352339694318299,1.8766892
374720,0.125,5.825726334935722e-06,0.003240390573832082,2.0673628
374784,0.125,7.847669296434065e-06,0.0024906526950661287,1.9528223
374848,0.125,1.1849728181572432e-05,0.0030287538507910486,1.9028002
374912,0.125,8.274761467191697e-06,0.004261159151793279,1.8896464
374976,0.125,4.04073832309523e-06,0.0035529835890316082,1.9547116
375040,0.125,1.3748556253794607e-05,0.004638185578027901,1.8432252
375104,0.125,1.5846023690889098e-05,0.005153238007052412,1.7660184
375168,0.125,3.844309416054115e-06,0.0035715288929779993,1.870536
375232,0.125,1.1562083962701142e-05,0.0024080458716553873,1.8248354
375296,0.125,8.974793687124365e-06,0.006308021889667071,1.822153
375360,0.125,1.3328926113161135e-05,0.003622294128991396,1.8368284
375424,0.125,3.0065899181781765e-05,0.005154781869370902,1.8339705
375488,0.125,1.0566354244131259e-05,0.002459524730075141,1.8561603
375552,0.125,1.2415103760222516e-05,0.005797626888440797,1.7991064
375616,0.125,8.354805277894678e-06,0.004816226361056127,1.7695981
375680,0.125,9.957658399931315e-06,0.0023042053183501814,1.8079666
375744,0.125,1.4778960507585679e-05,0.0032973504947020043,1.8268065
375808,0.125,6.8594395304271544e-06,0.00430674445133198,1.7939404
375872,0.125,3.779140631528789e-06,0.0019685128587481507,1.8766949
375936,0.125,1.1439270625849428e-05,0.0034865695451172817,1.85479
376000,0.125,7.123445452980577e-06,0.0030419035697168777,1.8169888
376064,0.125,6.3146567558503785e-06,0.0040316959255558595,1.8116705
376128,0.125,4.995191376153094e-06,0.0027854593143173513,1.9163145
376192,0.125,1.1288958474808732e-05,0.005238519788548861,1.8963449
376256,0.125,1.1778301488187729e-05,0.0028303595463620244,1.8430761
376320,0.125,4.274747421372536e-06,0.0019491910283425385,1.7604367
376384,0.125,7.837609310401919e-06,0.003137340531580696,1.7892387
376448,0.125,1.3918497906014409e-05,0.0077047415954833,1.743254
376512,0.125,1.4275624924665665e-05,0.00546938385730638,1.7959039
376576,0.125,4.6233327707844325e-06,0.005591517288937516,1.813511
376640,0.125,6.304669603779937e-06,0.00340728216184155,1.8685944
376704,0.125,1.4022276446086963e-05,0.005738186552238891,1.8701274
376768,0.125,4.996562457987716e-06,0.002379010979855073,1.8853401
376832,0.125,5.300537431502551e-06,0.0036238294791945285,1.890511
376896,0.125,4.37081760374332e-06,0.003465275816573375,1.8645959
376960,0.125,4.539916160915215e-05,0.004022301626107312,1.8963342
377024,0.125,6.705061551627019e-06,0.004027432906931121,1.8786104
377088,0.125,3.683678430227849e-06,0.005620580211911628,1.8997328
377152,0.125,1.5729216609654443e-05,0.004975613939223849,2.0299795
377216,0.125,5.221609337122496e-06,0.0024359958840199473,1.9661411
377280,0.125,1.0964626216880453e-05,0.0030727464103322546,1.9734544
377344,0.125,1.0006879517282646e-05,0.0026281226177913373,1.949093
377408,0.125,1.6159136335830533e-05,0.0032028400194660926,1.7547897
377472,0.125,4.0468215504102074e-06,0.004381936360289932,1.7711233
377536,0.125,9.651448987647577e-06,0.002477860372011171,1.7599505
377600,0.125,9.255305243577056e-06,0.0032488265822827734,1.803895
377664,0.125,1.1019671781806507e-05,0.004271993968617169,1.7575097
377728,0.125,3.8623651765590235e-06,0.002823194201370669,1.8637409
377792,0.125,5.469943751645493e-06,0.005312793873257664,1.841954
377856,0.125,2.0531232039556686e-06,0.003831608021862129,1.8350241
377920,0.125,1.5417899606286713e-05,0.0029200334957513747,1.8887209
377984,0.125,2.626875610828599e-06,0.002636769197139675,1.8786778
378048,0.125,6.98638177343457e-06,0.002296208330188473,1.8186823
378112,0.125,5.827262868932266e-06,0.0032763775333667553,1.810258
378176,0.125,1.0420488574143909e-05,0.00323589865646515,1.8019059
378240,0.125,8.536701602819949e-06,0.0025755807290296973,1.8185089
378304,0.125,8.84740656538079e-06,0.003293652062522892,1.7997137
378368,0.125,1.1524786628260465e-05,0.002052834680470729,1.7829604
378432,0.125,2.3337104302754896e-05,0.004799505727793257,1.7753657
378496,0.125,6.2694639574611e-06,0.003609877200656788,1.8024122
378560,0.125,8.202170340824173e-06,0.0029368088818196537,1.8337209
378624,0.125,7.3855879731907065e-06,0.002518054352930116,1.8081079
378688,0.125,7.711836263310859e-06,0.002074025565133453,1.795536
378752,0.125,1.1667398842957612e-05,0.003505659659231327,1.8098979
378816,0.125,7.70074554446479e-06,0.003185900518204495,1.8364654
378880,0.125,1.0516323316671737e-05,0.003404401520635482,1.8247374
378944,0.125,6.322945278879453e-06,0.002615283856699093,1.7863824
379008,0.125,7.696117303932764e-06,0.0023045451881849757,1.785658
379072,0.125,5.399237890622192e-06,0.004073673782157803,1.7765858
379136,0.125,7.13942598487657e-06,0.002630632296454642,1.7957172
379200,0.125,3.508435993221838e-05,0.00238419358112055,1.777526
379264,0.125,5.460897922203683e-06,0.002637271559572133,1.7653706
379328,0.125,3.7709564894395794e-05,0.0043914582530959105,1.7482802
379392,0.125,7.808839254809403e-06,0.004947088329019486,1.8435097
379456,0.125,1.6356781858628978e-05,0.004342952982003036,1.7827191
379520,0.125,1.2631532878570342e-05,0.00487893350243963,1.7834879
379584,0.125,1.2583347946868323e-05,0.0034085864061378234,1.8135381
379648,0.125,1.1532783554563276e-05,0.0030963561438933675,1.9342291
379712,0.125,1.0096447166788767e-05,0.002696569478359024,1.8525184
379776,0.125,2.398098958523617e-05,0.005211605630253227,1.8189014
379840,0.125,5.922808935256459e-06,0.008854637834836638,1.8990333
379904,0.125,3.5361780596540236e-06,0.0028982788108674012,1.841184
379968,0.125,1.2877910644167743e-05,0.0035493669721822206,1.8804127
380032,0.125,1.1570281284383865e-05,0.0018528753529003517,1.8799541
380096,0.125,2.2448480623240306e-05,0.004281447693275739,1.8123223
380160,0.125,1.0686657838816399e-05,0.005426650982946296,1.8769733
380224,0.125,7.539163165333101e-06,0.004948817265718764,1.8890253
380288,0.125,3.1062010269966077e-06,0.002140225930262108,1.9969752
380352,0.125,2.7725463465405922e-05,0.007022724665123493,1.9640372
380416,0.125,2.2531662703245746e-05,0.0034285495388681987,1.9539641
380480,0.125,1.374693788168632e-05,0.003419100565123761,1.8657546
380544,0.125,1.9963531429246127e-05,0.005831854844554658,1.8775635
380608,0.125,1.4784161388636961e-05,0.004726286826601566,1.931285
380672,0.125,1.1608077673020232e-05,0.004570690545731649,1.9369836
380736,0.125,2.2397881237362578e-05,0.007463008570742429,1.9043922
380800,0.125,1.04568392250494e-05,0.004886616691430052,1.9957744
380864,0.125,1.2337922492424751e-05,0.0030996963647133883,1.9044904
380928,0.125,1.1123418312865131e-05,0.0033868621710631966,1.8802774
380992,0.125,2.9074161027955313e-06,0.0017934107596652101,1.9000673
381056,0.125,8.721366153764948e-06,0.004172992540003055,1.8239567
381120,0.125,1.167495743917481e-05,0.002514409083537509,2.0387027
381184,0.125,9.685174809128664e-06,0.002127794179294339,1.9381683
381248,0.125,1.5511315982029683e-05,0.003284265120838142,1.9499444
381312,0.125,1.4930890373974395e-05,0.0026736151123785915,1.8074634
381376,0.125,1.822954473937132e-05,0.0036149408802288174,1.7610852
381440,0.125,3.4949393489781102e-06,0.0032431946491551845,1.8039943
381504,0.125,1.098686326315527e-05,0.004967595460164483,1.7878026
381568,0.125,1.1554188619329572e-05,0.005245458502630759,1.7744333
381632,0.125,1.4238261550884713e-05,0.006902936680661507,1.8020703
381696,0.125,2.4142286338157192e-05,0.004806780772596569,1.772427
381760,0.125,3.991280842731663e-06,0.0038589347062660136,1.7783997
381824,0.125,4.071710047464319e-06,0.00446046293362826,2.2939608
381888,0.125,7.866559281251938e-06,0.004525196577192082,2.0786667
381952,0.125,1.2904324912023873e-05,0.005258736075714842,1.9913013
382016,0.125,5.314652038824791e-06,0.0026481003290042995,1.9896486
382080,0.125,2.1912357124317687e-05,0.004768945699004558,1.958554
382144,0.125,2.4482403725459985e-05,0.005413558446833652,1.989524
382208,0.125,4.763755944690168e-06,0.0027018386365396012,1.9644622
382272,0.125,1.5874993712059447e-05,0.0037220046421205274,1.9544203
382336,0.125,1.0974268871775727e-05,0.004659980282785737,1.9433962
382400,0.125,1.3110057213736837e-05,0.003621541651486663,1.9139879
382464,0.125,8.785058610075741e-06,0.006184824630783154,1.84331
382528,0.125,4.0249239598425085e-06,0.0035923674897981044,1.8166432
382592,0.125,6.9381650260629226e-06,0.003020208734734733,1.8602732
382656,0.125,2.0367682259775744e-05,0.0036741361663232,1.8505148
382720,0.125,7.195294064523804e-06,0.003620997557119579,1.7823392
382784,0.125,5.958850826986455e-06,0.0054057037531580416,1.7407428
382848,0.125,7.369834899027672e-06,0.0037643292670793854,1.7682768
382912,0.125,5.266062386045503e-06,0.0031515467809919416,1.7665989
382976,0.125,7.251884163950733e-06,0.004050906484207837,1.8400013
383040,0.125,3.352664296608777e-05,0.003735673687196536,1.8538289
383104,0.125,8.506556943849591e-06,0.004062043904433297,1.8773564
383168,0.125,1.1918996014229708e-05,0.002951224987982236,1.8887273
383232,0.125,2.3462633878666373e-05,0.003564526796788724,1.7900597
383296,0.125,5.790546592649869e-06,0.003471076762009632,1.8192395
383360,0.125,1.0678897080118599e-05,0.005962658036408491,1.7933393
383424,0.125,7.442786609237159e-06,0.003583071956582534,1.7900242
383488,0.125,1.708617296711825e-05,0.004117028491117425,1.8422925
383552,0.125,8.689443368966426e-06,0.005366191558974979,1.8317991
383616,0.125,7.398638998485843e-06,0.003273498372739158,1.8450942
383680,0.125,1.3440861245964707e-05,0.004655524556334345,1.7953655
383744,0.125,8.132616872114041e-06,0.00496595213980842,1.8049933
383808,0.125,9.009264153304388e-06,0.0049420249508716485,1.8539902
383872,0.125,7.240361508399082e-06,0.004477918797514671,1.8617295
383936,0.125,9.360432021403791e-06,0.002629424770043539,1.8785554
384000,0.125,6.204737694364033e-06,0.0029596499393383198,2.1984627
384064,0.125,1.436895269004637e-05,0.006188245094606774,2.2116153
384128,0.125,1.0228644694574295e-05,0.0049564527677390105,1.960699
384192,0.125,1.554673496642502e-05,0.0037723942543962255,1.9915016
384256,0.125,1.899062560958431e-05,0.003987205758093311,1.9092783
384320,0.125,2.116916185086967e-05,0.00629741089253896,1.8676286
384384,0.125,6.631442819266937e-06,0.00479086279887644,1.7828267
384448,0.125,1.7999690352379244e-05,0.004464982718158132,1.7694005
384512,0.125,1.4715695615760193e-05,0.0038188676228852344,1.7833719
384576,0.125,8.262578148133876e-06,0.0031210297161685203,1.7996095
384640,0.125,7.506611965032294e-06,0.005800785399933318,2.025544
384704,0.125,5.07671040934106e-06,0.0027424563186699085,1.9258555
384768,0.125,5.762396081519005e-06,0.003737478443523298,1.8758857
384832,0.125,8.282178330548033e-06,0.003140368796009933,1.860022
384896,0.125,1.9760236026824682e-05,0.0063910592546475384,1.8512667
384960,0.125,4.588252044068332e-06,0.003584964604220813,1.8209401
385024,0.125,7.211789661249393e-06,0.004033231878988323,1.96975
385088,0.125,7.958407742368294e-06,0.004032749216743565,1.9064528
385152,0.125,1.9507283837749858e-05,0.004399721767910961,1.8683319
385216,0.125,1.1874881004059383e-05,0.0032186101567079402,1.8183347
385280,0.125,3.4877267375933398e-06,0.0045457985369587485,1.815558
385344,0.125,5.581030503223876e-06,0.006757361654232728,1.8672086
385408,0.125,1.457609189587511e-05,0.0032418828202386302,1.8459302
385472,0.125,6.906733623630892e-06,0.003493418940392656,1.8866571
385536,0.125,5.145462759863751e-06,0.004127252136060696,1.9464355
385600,0.125,1.2640486886449326e-05,0.004927275461387926,1.9055583
385664,0.125,5.637086697153697e-06,0.004126698002282491,1.8919095
385728,0.125,9.644644854542053e-06,0.0031759934025550472,1.972514
385792,0.125,1.8012442594882974e-05,0.004044028104083224,2.0339718
385856,0.125,1.2086552881193133e-05,0.004671164144475055,2.006978
385920,0.125,1.0779963777499124e-05,0.005387905224832291,1.8818376
385984,0.125,2.167132225667692e-05,0.003625446724350578,1.8440603
386048,0.125,9.725171715888153e-06,0.004009925445063314,1.8297218
386112,0.125,1.5189112552248767e-05,0.008275319071348338,1.8402448
386176,0.125,1.4520057754754436e-05,0.0033978580179763805,1.8432596
386240,0.125,6.593392705024471e-06,0.004010813496694766,1.8609532
386304,0.125,1.1004386548377606e-05,0.003958270643729099,1.9013481
386368,0.125,8.10896020611186e-06,0.005103105159044755,1.8955141
386432,0.125,1.8412779749078412e-05,0.004575704676210247,1.8860126
386496,0.125,2.2242990376606552e-05,0.0035916577969212003,1.8873756
386560,0.125,1.1052731008355622e-05,0.004812255505685793,1.8514203
386624,0.125,1.0464936086078994e-05,0.004280090644299279,1.8423829
386688,0.125,3.497909748774162e-05,0.005835478754443453,1.8061935
386752,0.125,8.072928356392301e-06,0.004565718096507815,1.827021
386816,0.125,1.0998678927705412e-05,0.003568241932854679,1.7952056
386880,0.125,4.447866017295399e-06,0.003265717593584799,1.8576012
386944,0.125,7.103418962574158e-06,0.004003958908416047,2.0332017
387008,0.125,1.3295175804679815e-05,0.002327648005169287,1.9977171
387072,0.125,7.238606490161674e-06,0.004404715522539828,1.9284843
387136,0.125,3.256033790708749e-06,0.0053144080366595405,1.9272234
387200,0.125,2.5132283777491796e-05,0.0057955834844816475,1.9209944
387264,0.125,1.0050789681266179e-05,0.004387663336927758,1.9204181
387328,0.125,1.58425700418255e-05,0.004822011806846285,2.0039086
387392,0.125,9.715166444464091e-06,0.0057989031695353235,1.872833
387456,0.125,1.0705429847121628e-05,0.004051042224203809,1.903929
387520,0.125,8.81428704180603e-06,0.0032052795799756995,1.8515794
387584,0.125,8.851222346117325e-06,0.0028575545677443745,1.8659269
387648,0.125,8.62123714832713e-06,0.0033925668068064633,1.8576888
387712,0.125,1.2354991340894735e-05,0.0025766103837029796,1.8615233
387776,0.125,1.1787014606636722e-05,0.004911567069355733,1.8590789
387840,0.125,6.089709342683318e-06,0.0038446754538378784,1.8537669
387904,0.125,1.797978798818787e-05,0.002700355362944979,1.9242588
387968,0.125,1.3005904401755443e-05,0.004727894174406172,1.9841461
388032,0.125,8.242509381471065e-06,0.005504095863935074,1.9378504
388096,0.125,9.507661092846792e-06,0.0027632215929263935,1.8942991
388160,0.125,1.2003187742411568e-05,0.0030621353972121713,1.8712025
388224,0.125,2.0619189875678186e-05,0.004525629304034375,1.919551
388288,0.125,1.1430793552454263e-05,0.003953743295352631,1.8430381
388352,0.125,7.612465697497488e-06,0.003834425732493039,1.8428417
388416,0.125,9.49409462426094e-06,0.0029761028845394495,1.8583881
388480,0.125,8.574470214369658e-06,0.003293786105518104,1.8635874
388544,0.125,4.698420752068611e-06,0.0035313988415558322,1.8736441
388608,0.125,4.860563704405707e-06,0.002190945911717451,1.8296713
388672,0.125,6.271409934264568e-06,0.0033868286854101346,1.8551315
388736,0.125,5.258463173957889e-06,0.004496881854056634,1.8812542
388800,0.125,1.3044646239204013e-05,0.003761589879546115,1.8934213
388864,0.125,9.921947386163099e-06,0.0035242531636885885,1.8273324
388928,0.125,7.317517036393887e-06,0.005674170740906388,1.8428824
388992,0.125,2.9109329787900725e-05,0.005356640836298623,1.8085511
389056,0.125,7.441828558909402e-06,0.005471851994335335,1.8521686
389120,0.125,5.157486962588184e-06,0.0036220034744243526,1.8701755
389184,0.125,4.342127931645934e-06,0.005063237810507114,1.8866702
389248,0.125,1.4116611514229689e-05,0.005221984963756215,1.8708246
389312,0.125,3.407845737941638e-05,0.01651418323661766,1.898297
389376,0.125,8.522931764042146e-06,0.005483424064817334,1.8971251
389440,0.125,8.527351964726397e-06,0.0036092970713860386,1.8696451
389504,0.125,1.2869405117238406e-05,0.005024502643991886,1.876972
389568,0.125,6.379679101663932e-06,0.003138154599571534,1.8962947
389632,0.125,9.194217360416296e-06,0.004357323090489654,1.8882971
389696,0.125,2.239668296292242e-05,0.0037633593309960014,1.8635652
389760,0.125,2.3970412963193134e-05,0.0035556615180712186,1.8471948
389824,0.125,7.2128029058967085e-06,0.003628437619302652,1.8853314
389888,0.125,9.402833714707811e-06,0.0023722038870052195,1.8806568
389952,0.125,8.41265272438802e-06,0.0020776928125081392,1.8653336
390016,0.125,2.773913974918549e-06,0.0032164897137563053,1.8711174
390080,0.125,1.668498625148857e-05,0.004152840769193395,1.8776541
390144,0.125,1.0528408705439468e-05,0.004764509952869931,1.9186803
390208,0.125,1.6526532615525872e-05,0.003901315977070054,1.9051749
390272,0.125,9.957838501329323e-06,0.0033364036588582557,2.1216354
390336,0.125,7.3777574030501025e-06,0.002458721787556793,2.0895984
390400,0.125,1.7287315364677077e-05,0.004841987497311091,1.9054196
390464,0.125,1.23845673461856e-05,0.003987483390845551,2.5196655
390528,0.125,6.494331548501307e-06,0.004602702680420676,1.9262216
390592,0.125,2.30780955575605e-05,0.0037149187483696182,2.3262222
390656,0.125,7.805465813079085e-06,0.00488056780042737,2.2295778
390720,0.125,1.144116206945625e-05,0.0036817876122891948,2.1494856
390784,0.125,1.2377052822116832e-05,0.002669310818836976,2.194169
390848,0.125,1.0716807638252773e-05,0.005585276892621695,2.1391046
390912,0.125,7.205984240425357e-06,0.0033572515614763527,2.0923247
390976,0.125,2.9116564314226407e-06,0.002574663040979178,2.1020467
391040,0.125,5.670128491633794e-06,0.004315369551230238,2.1183412
391104,0.125,1.4256347376153831e-05,0.0039873560678479695,2.0788214
391168,0.125,9.139860438899963e-06,0.0031896416516948712,2.1971557
391232,0.125,1.843408112950805e-05,0.0045149912211439385,2.1550906
391296,0.125,7.660152213793181e-06,0.0035299711992230233,2.1527343
391360,0.125,5.09562875327482e-06,0.0029351020653360007,2.1397371
391424,0.125,7.894444209667531e-06,0.0047461209492183284,2.0525389
391488,0.125,2.2680126658779808e-05,0.003570918005081807,2.2108924
391552,0.125,1.3558693482681482e-06,0.0018174847803329776,2.1254098
391616,0.125,8.986655169591067e-06,0.004616283462356843,2.0755346
391680,0.125,6.319606614816143e-06,0.004833032230766006,2.097925
391744,0.125,1.402967769992817e-05,0.002451067739224477,2.0969648
391808,0.125,2.8421912412659618e-05,0.0032883973817368485,2.0021884
391872,0.125,1.2031750560320122e-05,0.003670500087336216,2.0149755
391936,0.125,1.152947424562338e-05,0.003652495275896522,2.00655
392000,0.125,9.075936915143157e-06,0.0022808309639955914,2.0079892
392064,0.125,1.022254439631979e-05,0.0028099825839600187,2.0679245
392128,0.125,5.523293519624936e-06,0.0062248686311685425,2.0236804
392192,0.125,1.2276365167841714e-05,0.0031977291627979494,2.0280895
392256,0.125,7.32651227320318e-06,0.0037908860189688302,2.0298293
392320,0.125,1.0858729306361039e-05,0.001996942490830474,2.060722
392384,0.125,4.428566643345267e-06,0.0040939851586951105,2.0987809
392448,0.125,1.4746191559866027e-05,0.0027698199075526565,1.9844738
392512,0.125,8.162770294424692e-06,0.0036149104747216013,1.9742675
392576,0.125,3.887032982717383e-06,0.00415030453272074,1.9803214
392640,0.125,1.6318624689456547e-05,0.0026269251428729704,1.9833511
392704,0.125,1.048591125902531e-05,0.004150413635900572,1.9697628
392768,0.125,9.618002841005377e-06,0.003639985527928488,1.9918498
392832,0.125,1.0197521829410772e-05,0.005260316746904345,1.9949555
392896,0.125,0.00013167703597576086,0.011183102961064745,1.9872202
392960,0.125,3.856656358445438e-05,0.017812380382331267,1.9685276
393024,0.125,7.034536925437775e-06,0.005888842258026956,2.0996485
393088,0.125,1.1802509713224424e-05,0.0026175060048286808,2.1625874
393152,0.125,8.008165212809449e-06,0.0025302625492530303,2.0559402
393216,0.125,3.1853309069013755e-06,0.0019992990813902877,2.0783343
393280,0.125,7.551464798539169e-06,0.0028727281426991986,2.088465
393344,0.125,5.415831182041429e-06,0.0037568069458508856,2.2176504
393408,0.125,8.31340460296417e-06,0.0043582270359533316,2.0208719
393472,0.125,1.2427752220572558e-05,0.0046804103718645455,2.0862713
393536,0.125,8.060380720951224e-06,0.00393038446070087,1.9926754
393600,0.125,1.560111675344431e-06,0.002868331587010717,2.0259264
393664,0.125,1.2382381005714023e-05,0.0034879193647397995,1.9887757
393728,0.125,6.62049023138437e-06,0.0038857627478971484,2.1409726
393792,0.125,2.50501754901828e-05,0.005126504747201631,2.015056
393856,0.125,6.573145265031943e-06,0.003904115799930694,1.993136
393920,0.125,1.0375893676560034e-05,0.0034664407775423533,2.000608
393984,0.125,6.2186972672954085e-06,0.0024431138687688865,1.9899518
394048,0.125,1.0220264375369492e-05,0.00287895481625319,1.9860082
394112,0.125,1.5747155458288603e-05,0.005001370655745596,1.9794353
394176,0.125,6.677027816459363e-06,0.005034109606686274,2.033287
394240,0.125,1.7235039126168095e-05,0.004765654643671004,1.9683484
394304,0.125,8.855030120599155e-06,0.003798210082712332,1.9730607
394368,0.125,2.4784383933125406e-05,0.0054136234062794235,2.11523
394432,0.125,1.2019840103375756e-05,0.0027788783253433567,2.0994768
394496,0.125,4.344401691419803e-06,0.0028639455662822946,2.0756767
394560,0.125,1.0465797626461418e-05,0.005372014021515967,2.091385
394624,0.125,1.2527011810058521e-05,0.004900374119931274,2.0617955
394688,0.125,2.1580952852011056e-05,0.005520514998146729,1.9804966
394752,0.125,2.0404495596701037e-05,0.004418627949481603,1.9657586
394816,0.125,1.1278501668513557e-05,0.0036227011069534334,1.9527295
394880,0.125,1.0155085508429854e-05,0.006013449532136047,2.1584573
394944,0.125,2.9866800251709976e-05,0.006498562927649928,2.029462
395008,0.125,4.841847927391556e-06,0.004179941948598431,2.049755
395072,0.125,1.4455627110143656e-05,0.0030526393174151656,2.0195475
395136,0.125,2.1898979302028766e-06,0.0032324458335297314,2.1348531
395200,0.125,7.027526004620947e-06,0.003940081814573905,2.1359973
395264,0.125,5.143672103569234e-06,0.007141818826247907,2.2162485
395328,0.125,9.273583869928924e-06,0.0027095821679936445,2.2013104
395392,0.125,1.5139575652484607e-05,0.004942199994376155,2.142948
395456,0.125,1.4047968485533001e-05,0.00372648396808459,2.0717952
395520,0.125,2.235924431299062e-05,0.0043639366187954495,2.0069056
395584,0.125,1.7341995357375076e-05,0.0029107138341068228,2.0729983
395648,0.125,8.960846060769542e-06,0.006474339851521146,2.1223705
395712,0.125,6.76610438846308e-06,0.0023044057916778962,2.0670815
395776,0.125,8.618225590061728e-06,0.0037128177388819975,2.0173714
395840,0.125,1.1879011675865806e-05,0.008762725569223851,1.9856983
395904,0.125,1.3911971409780354e-05,0.003996975574292313,1.9667614
395968,0.125,1.2204352300928714e-05,0.005166373415987972,1.9809705
396032,0.125,1.3088711870693824e-05,0.004843782703690507,2.096904
396096,0.125,1.0783966524642728e-05,0.004422642546780168,2.0102487
396160,0.125,8.635006412379118e-06,0.0024304627936580785,1.9821807
396224,0.125,1.1608643719831601e-05,0.0023538635291284874,1.9997897
396288,0.125,9.959523289363317e-06,0.002860210061780759,1.9780983
396352,0.125,2.1605207694611286e-05,0.011622918419260156,1.9837471
396416,0.125,6.729466686599503e-06,0.003939832376060618,1.9646647
396480,0.125,1.7272420275346503e-05,0.002369325056971875,1.9580575
396544,0.125,3.800622311798169e-06,0.004025115225929253,1.9788142
396608,0.125,1.990093980221915e-05,0.003443377799864744,1.9736387
396672,0.125,2.0437431324015452e-05,0.004950967825905039,1.9749054
396736,0.125,1.580243798943524e-05,0.003369324060362059,1.9679391
396800,0.125,7.692155715994119e-06,0.004643886094227105,1.9534539
396864,0.125,6.1400363705770845e-06,0.0027596440401327755,2.0013838
396928,0.125,2.9502040526277473e-05,0.006527101881917436,1.944037
396992,0.125,1.1694284612714657e-05,0.004649141811188119,1.8957447
397056,0.125,1.0264976655487122e-05,0.002960207563783012,1.90532
397120,0.125,9.701775642725139e-06,0.003982522631639356,1.9122245
397184,0.125,1.843279529099403e-05,0.005274046891276159,2.5138843
397248,0.125,3.445488892963877e-05,0.005370108145739104,2.5621264
397312,0.125,1.52241711856372e-05,0.005427999673561665,2.3929825
397376,0.125,5.486866798788376e-06,0.0033080812638514884,2.0043473
397440,0.125,6.235192150670967e-06,0.006656514483542018,2.0532863
397504,0.125,7.889443252666969e-06,0.0033939620804398995,2.82885
397568,0.125,8.176507460433413e-06,0.003337796503297076,2.8887758
397632,0.125,1.2877624511232011e-05,0.0035172560624645898,2.6976967
397696,0.125,4.8542826037717215e-06,0.0032984765039861873,2.2499194
397760,0.125,7.923258964698252e-06,0.0034073119013168516,2.0861733
397824,0.125,1.5873025966916204e-05,0.002554532767165032,2.0649066
397888,0.125,1.3535648190890444e-05,0.005228458363103771,2.0026274
397952,0.125,7.882489481007974e-06,0.002510997537129992,2.4730728
398016,0.125,2.768494438504077e-05,0.004789330613862928,2.1735744
398080,0.125,1.4461367460524239e-05,0.0063797551683073455,2.3030682
398144,0.125,1.5603309864712014e-05,0.0038177686873850235,2.2334955
398208,0.125,5.9524950726601615e-06,0.005790127337124828,2.2339244
398272,0.125,8.929725111174094e-06,0.003577077063192338,2.0221484
398336,0.125,5.198750204478999e-06,0.003394585712178522,1.988377
398400,0.125,1.4722676145191428e-05,0.005323284144868822,2.5769114
398464,0.125,9.590974697660206e-06,0.0034173059384614737,2.2822459
398528,0.125,1.8472938860934572e-05,0.006391290688079645,2.1571639
398592,0.125,1.1376513099255793e-05,0.003086178866682473,2.2643304
398656,0.125,6.057169364147562e-06,0.0016280722184310943,2.3139877
398720,0.125,9.695632098603964e-06,0.004689469339054034,2.1858053
398784,0.125,9.411874798058388e-06,0.0051723316867169295,1.9994744
398848,0.125,2.8550417487201235e-05,0.006275382476254177,2.004322
398912,0.125,1.3383094147370129e-05,0.002713186460368218,2.0671234
398976,0.125,2.8858198924696584e-05,0.004307558695301286,2.4046087
399040,0.125,1.0443999559190561e-05,0.0035219647755781445,2.4058561
399104,0.125,4.889832867965517e-06,0.0035214617998222085,2.3712661
399168,0.125,1.6868795223602766e-05,0.0032452529779785372,2.3942046
399232,0.125,5.101390395921383e-06,0.002977172971910467,2.1413233
399296,0.125,2.298822326248043e-05,0.004073124490707265,2.156826
399360,0.125,7.464397697718709e-06,0.0036318768369510094,2.1513374
399424,0.125,1.8825206073392305e-05,0.005566280670778532,2.2733076
399488,0.125,7.2655772392578754e-06,0.004338484311402254,2.3078966
399552,0.125,1.0617590584055308e-05,0.004114302429796179,2.4120111
399616,0.125,1.1451849252826889e-05,0.00958184743818892,2.4344833
399680,0.125,3.5789553534444523e-05,0.004394178562099784,2.3673592
399744,0.125,3.888075307715322e-06,0.0025371759295197615,2.317858
399808,0.125,9.924443051169776e-06,0.0027161252856027674,2.2014084
399872,0.125,1.4970677697013615e-05,0.0036354312378856176,2.174924
399936,0.125,9.834155193219005e-06,0.004347880304395104,2.1438677
400000,0.125,1.0765334878817113e-05,0.003942506851211631,2.216286
